# number of operators: 7
arrival_times	start_service_time	end_service_time
1474275791	1474275791	1474276547
1474275812	1474275812	1474276172
1474275897	1474275897	1474276536
1474275911	1474275911	1474276711
1474276095	1474276095	1474276487
1474276262	1474276262	1474277034
1474276382	1474276382	1474277071
1474276493	1474276493	1474276896
1474276576	1474276576	1474276979
1474276587	1474276587	1474276788
1474276588	1474276588	1474277122
1474276643	1474276711	1474277272
1474276707	1474276788	1474277786
1474276729	1474276896	1474277653
1474276735	1474276979	1474277805
1474276842	1474277034	1474277613
1474276845	1474277071	1474277443
1474276864	1474277122	1474277551
1474276865	1474277272	1474277994
1474276934	1474277443	1474278439
1474276984	1474277551	1474277829
1474277091	1474277613	1474278300
1474277174	1474277653	1474278545
1474277213	1474277786	1474278561
1474277216	1474277805	1474278249
1474277321	1474277829	1474278838
1474277432	1474277994	1474278424
1474277534	1474278249	1474279109
1474277601	1474278300	1474279016
1474277786	1474278424	1474279041
1474277796	1474278439	1474278885
1474277834	1474278545	1474278962
1474277837	1474278561	1474279289
1474277894	1474278838	1474279282
1474277933	1474278885	1474279423
1474277962	1474278962	1474279649
1474278008	1474279016	1474280168
1474278041	1474279041	1474279737
1474278119	1474279109	1474279626
1474278128	1474279282	1474279639
1474278339	1474279289	1474279707
1474278422	1474279423	1474279691
1474278512	1474279626	1474280049
1474278621	1474279639	1474280089
1474278669	1474279649	1474280144
1474278690	1474279691	1474280229
1474278803	1474279707	1474280169
1474278832	1474279737	1474280137
1474278877	1474280049	1474280921
1474278914	1474280089	1474280520
1474278914	1474280137	1474280736
1474278964	1474280144	1474280735
1474279156	1474280168	1474280706
1474279194	1474280169	1474280942
1474279224	1474280229	1474280758
1474279230	1474280520	1474281202
1474279230	1474280706	1474281396
1474279245	1474280735	1474281290
1474279321	1474280736	1474281404
1474279382	1474280758	1474281319
1474279389	1474280921	1474281382
1474279430	1474280942	1474281536
1474279534	1474281202	1474281749
1474279572	1474281290	1474281994
1474279610	1474281319	1474281755
1474279840	1474281382	1474281884
1474279860	1474281396	1474281703
1474279867	1474281404	1474282068
1474279903	1474281536	1474282157
1474279910	1474281703	1474282342
1474280027	1474281749	1474282244
1474280058	1474281755	1474282100
1474280130	1474281884	1474282407
1474280177	1474281994	1474282643
1474280583	1474282068	1474282642
1474280603	1474282100	1474282976
1474280751	1474282157	1474282596
1474280867	1474282244	1474282730
1474280875	1474282342	1474283157
1474281053	1474282407	1474282640
1474281078	1474282596	1474282957
1474281133	1474282640	1474283431
1474281137	1474282642	1474283321
1474281137	1474282643	1474282996
1474281185	1474282730	1474283186
1474281185	1474282957	1474283451
1474281226	1474282976	1474284122
1474281351	1474282996	1474283658
1474281423	1474283157	1474283775
1474281434	1474283186	1474283628
1474281529	1474283321	1474283931
1474281551	1474283431	1474283911
1474281589	1474283451	1474284405
1474281735	1474283628	1474283935
1474281794	1474283658	1474284175
1474281909	1474283775	1474284703
1474282033	1474283911	1474284535
1474282118	1474283931	1474284390
1474282217	1474283935	1474284832
1474282241	1474284122	1474284552
1474282263	1474284175	1474285053
1474282288	1474284390	1474284685
1474282346	1474284405	1474285096
1474282392	1474284535	1474285170
1474282399	1474284552	1474285235
1474282518	1474284685	1474285528
1474282519	1474284703	1474285232
1474282533	1474284832	1474285396
1474282546	1474285053	1474285537
1474282574	1474285096	1474285599
1474282583	1474285170	1474285667
1474282632	1474285232	1474285826
1474282645	1474285235	1474285884
1474282759	1474285396	1474286037
1474282802	1474285528	1474286526
1474282865	1474285537	1474286124
1474282893	1474285599	1474286070
1474283010	1474285667	1474286221
1474283040	1474285826	1474286277
1474283259	1474285884	1474286376
1474283299	1474286037	1474286409
1474283421	1474286070	1474286566
1474283424	1474286124	1474287146
1474283479	1474286221	1474286946
1474283510	1474286277	1474286710
1474283570	1474286376	1474286657
1474283603	1474286409	1474286733
1474283657	1474286526	1474287282
1474283726	1474286566	1474286985
1474283754	1474286657	1474287391
1474283989	1474286710	1474287503
1474284108	1474286733	1474287533
1474284171	1474286946	1474287609
1474284176	1474286985	1474287358
1474284282	1474287146	1474287812
1474284328	1474287282	1474287707
1474284538	1474287358	1474288379
1474284565	1474287391	1474288104
1474284578	1474287503	1474288061
1474284677	1474287533	1474288116
1474284710	1474287609	1474288171
1474284764	1474287707	1474288197
1474284785	1474287812	1474288293
1474284874	1474288061	1474288834
1474284925	1474288104	1474288740
1474284955	1474288116	1474288653
1474284990	1474288171	1474288952
1474285191	1474288197	1474288876
1474285259	1474288293	1474288864
1474285281	1474288379	1474288994
1474285288	1474288653	1474288959
1474285424	1474288740	1474289325
1474285514	1474288834	1474289225
1474285526	1474288864	1474289353
1474285550	1474288876	1474289346
1474285627	1474288952	1474289808
1474285685	1474288959	1474289623
1474285719	1474288994	1474289282
1474285728	1474289225	1474289972
1474285729	1474289282	1474290206
1474285900	1474289325	1474289819
1474285922	1474289346	1474289925
1474285955	1474289353	1474289809
1474286199	1474289623	1474290375
1474286279	1474289808	1474290365
1474286297	1474289809	1474290425
1474286302	1474289819	1474290145
1474286459	1474289925	1474290508
1474286528	1474289972	1474290540
1474286633	1474290145	1474290471
1474286673	1474290206	1474290575
1474286675	1474290365	1474291091
1474286681	1474290375	1474291124
1474286707	1474290425	1474290709
1474286754	1474290471	1474291125
1474286837	1474290508	1474290939
1474286849	1474290540	1474291140
1474286934	1474290575	1474291165
1474287005	1474290709	1474291355
1474287072	1474290939	1474292015
1474287211	1474291091	1474291564
1474287229	1474291124	1474291790
1474287396	1474291125	1474291842
1474287411	1474291140	1474291774
1474287470	1474291165	1474291843
1474287496	1474291355	1474291739
1474287515	1474291564	1474292265
1474287544	1474291739	1474292406
1474287547	1474291774	1474292555
1474287604	1474291790	1474292213
1474287708	1474291842	1474292359
1474287727	1474291843	1474293096
1474287913	1474292015	1474292615
1474287942	1474292213	1474292880
1474287946	1474292265	1474292884
1474287952	1474292359	1474292743
1474288035	1474292406	1474292907
1474288127	1474292555	1474292988
1474288139	1474292615	1474293016
1474288141	1474292743	1474293469
1474288213	1474292880	1474293273
1474288376	1474292884	1474293646
1474288426	1474292907	1474293457
1474288479	1474292988	1474293267
1474288492	1474293016	1474293523
1474288591	1474293096	1474293537
1474288643	1474293267	1474294478
1474288697	1474293273	1474293755
1474288721	1474293457	1474294297
1474288788	1474293469	1474293865
1474288870	1474293523	1474294251
1474288892	1474293537	1474294301
1474288916	1474293646	1474294228
1474288995	1474293755	1474294184
1474289039	1474293865	1474294285
1474289063	1474294184	1474294752
1474289120	1474294228	1474294649
1474289126	1474294251	1474294846
1474289143	1474294285	1474294823
1474289199	1474294297	1474294779
1474289248	1474294301	1474294909
1474289255	1474294478	1474294927
1474289317	1474294649	1474295612
1474289360	1474294752	1474295513
1474289487	1474294779	1474295211
1474289795	1474294823	1474295294
1474289945	1474294846	1474295661
1474289963	1474294909	1474295603
1474290096	1474294927	1474295391
1474290150	1474295211	1474295843
1474290170	1474295294	1474296287
1474290192	1474295391	1474295865
1474290200	1474295513	1474296125
1474290223	1474295603	1474296282
1474290225	1474295612	1474296187
1474290279	1474295661	1474296245
1474290280	1474295843	1474296513
1474290390	1474295865	1474296428
1474290397	1474296125	1474296438
1474290506	1474296187	1474296633
1474290537	1474296245	1474296774
1474290557	1474296282	1474296978
1474290577	1474296287	1474296886
1474290584	1474296428	1474297255
1474290651	1474296438	1474297050
1474290685	1474296513	1474297149
1474290806	1474296633	1474296923
1474290825	1474296774	1474297444
1474290864	1474296886	1474297094
1474290978	1474296923	1474297672
1474291032	1474296978	1474297308
1474291035	1474297050	1474297988
1474291184	1474297094	1474297593
1474291209	1474297149	1474297572
1474291303	1474297255	1474297782
1474291364	1474297308	1474298057
1474291441	1474297444	1474297853
1474291734	1474297572	1474298280
1474291740	1474297593	1474297931
1474291744	1474297672	1474298309
1474291748	1474297782	1474298484
1474291755	1474297853	1474298346
1474291765	1474297931	1474298555
1474291812	1474297988	1474298411
1474291849	1474298057	1474298547
1474291928	1474298280	1474299020
1474292047	1474298309	1474298853
1474292056	1474298346	1474299334
1474292088	1474298411	1474299086
1474292114	1474298484	1474298979
1474292164	1474298547	1474298948
1474292249	1474298555	1474299655
1474292290	1474298853	1474299413
1474292614	1474298948	1474299316
1474292646	1474298979	1474299419
1474292668	1474299020	1474299880
1474292688	1474299086	1474299476
1474292798	1474299316	1474299928
1474292870	1474299334	1474300552
1474293114	1474299413	1474299976
1474293147	1474299419	1474299760
1474293193	1474299476	1474299977
1474293230	1474299655	1474300411
1474293271	1474299760	1474300661
1474293345	1474299880	1474300227
1474293408	1474299928	1474300581
1474293666	1474299976	1474300584
1474293764	1474299977	1474300651
1474293893	1474300227	1474300987
1474293969	1474300411	1474300773
1474294060	1474300552	1474301310
1474294092	1474300581	1474300966
1474294122	1474300584	1474301266
1474294137	1474300651	1474301027
1474294234	1474300661	1474301316
1474294255	1474300773	1474301325
1474294270	1474300966	1474301597
1474294279	1474300987	1474301730
1474294416	1474301027	1474301556
1474294457	1474301266	1474302099
1474294490	1474301310	1474302138
1474294547	1474301316	1474301878
1474294662	1474301325	1474301885
1474294909	1474301556	1474302447
1474294934	1474301597	1474302295
1474294978	1474301730	1474302329
1474295128	1474301878	1474302679
1474295233	1474301885	1474302243
1474295410	1474302099	1474302386
1474295528	1474302138	1474302839
1474295690	1474302243	1474302627
1474295733	1474302295	1474302782
1474295734	1474302329	1474302669
1474295743	1474302386	1474302895
1474296066	1474302447	1474303303
1474296269	1474302627	1474303215
1474296389	1474302669	1474303223
1474296393	1474302679	1474303496
1474296444	1474302782	1474303167
1474296469	1474302839	1474303291
1474296530	1474302895	1474303335
1474296664	1474303167	1474303481
1474296695	1474303215	1474303559
1474296771	1474303223	1474303837
1474296812	1474303291	1474303606
1474296902	1474303303	1474303811
1474296946	1474303335	1474303792
1474296964	1474303481	1474304410
1474297130	1474303496	1474304105
1474297190	1474303559	1474304070
1474297266	1474303606	1474304108
1474297347	1474303792	1474304511
1474297381	1474303811	1474304855
1474297511	1474303837	1474304240
1474297526	1474304070	1474304792
1474297575	1474304105	1474304675
1474297591	1474304108	1474304594
1474297640	1474304240	1474304651
1474297750	1474304410	1474304915
1474297868	1474304511	1474305145
1474297950	1474304594	1474305578
1474297986	1474304651	1474305415
1474298060	1474304675	1474305259
1474298061	1474304792	1474305474
1474298103	1474304855	1474305139
1474298158	1474304915	1474305562
1474298263	1474305139	1474306253
1474298263	1474305145	1474305668
1474298329	1474305259	1474306089
1474298332	1474305415	1474305932
1474298350	1474305474	1474306681
1474298372	1474305562	1474305958
1474298504	1474305578	1474305937
1474298513	1474305668	1474306701
1474298625	1474305932	1474306441
1474298647	1474305937	1474306144
1474298706	1474305958	1474306536
1474298712	1474306089	1474306784
1474298781	1474306144	1474306607
1474299050	1474306253	1474306576
1474299117	1474306441	1474307040
1474299193	1474306536	1474307142
1474299198	1474306576	1474307222
1474299331	1474306607	1474307006
1474299409	1474306681	1474307341
1474299426	1474306701	1474307292
1474299475	1474306784	1474307781
1474299598	1474307006	1474307658
1474299610	1474307040	1474307549
1474299612	1474307142	1474307471
1474299720	1474307222	1474307958
1474299723	1474307292	1474308000
1474299882	1474307341	1474308028
1474299913	1474307471	1474308156
1474299947	1474307549	1474308113
1474299966	1474307658	1474308214
1474300072	1474307781	1474308221
1474300185	1474307958	1474308538
1474300335	1474308000	1474308987
1474300345	1474308028	1474308925
1474300464	1474308113	1474308458
1474300532	1474308156	1474308725
1474300580	1474308214	1474308575
1474300643	1474308221	1474308862
1474300648	1474308458	1474309039
1474300771	1474308538	1474309032
1474300803	1474308575	1474309333
1474300825	1474308725	1474309489
1474300826	1474308862	1474309549
1474300837	1474308925	1474309216
1474300932	1474308987	1474309657
1474300937	1474309032	1474309632
1474301034	1474309039	1474309508
1474301092	1474309216	1474309768
1474301099	1474309333	1474309929
1474301110	1474309489	1474309916
1474301242	1474309508	1474309915
1474301508	1474309549	1474310313
1474301898	1474309632	1474310106
1474301931	1474309657	1474310285
1474301942	1474309768	1474310336
1474302089	1474309915	1474310382
1474302120	1474309916	1474310323
1474302125	1474309929	1474310906
1474302175	1474310106	1474310622
1474302227	1474310285	1474310870
1474302393	1474310313	1474310619
1474302494	1474310323	1474310744
1474302512	1474310336	1474310700
1474302520	1474310382	1474311125
1474302545	1474310619	1474311496
1474302548	1474310622	1474311022
1474302573	1474310700	1474311798
1474302639	1474310744	1474311518
1474302681	1474310870	1474311370
1474302709	1474310906	1474311290
1474302720	1474311022	1474311443
1474302764	1474311125	1474311540
1474302812	1474311290	1474311870
1474302821	1474311370	1474311683
1474302847	1474311443	1474311960
1474302872	1474311496	1474311967
1474302949	1474311518	1474312039
1474302970	1474311540	1474312247
1474302977	1474311683	1474312225
1474303008	1474311798	1474311985
1474303107	1474311870	1474312323
1474303141	1474311960	1474312766
1474303207	1474311967	1474312633
1474303259	1474311985	1474312357
1474303577	1474312039	1474312369
1474303737	1474312225	1474312766
1474303948	1474312247	1474312658
1474304018	1474312323	1474312811
1474304088	1474312357	1474313116
1474304099	1474312369	1474313078
1474304199	1474312633	1474313544
1474304250	1474312658	1474313050
1474304280	1474312766	1474313520
1474304356	1474312766	1474313442
1474304392	1474312811	1474313902
1474304403	1474313050	1474313377
1474304405	1474313078	1474313592
1474304425	1474313116	1474313509
1474304457	1474313377	1474314033
1474304493	1474313442	1474314441
1474304553	1474313509	1474314042
1474305179	1474313520	1474314179
1474305232	1474313544	1474314371
1474305232	1474313592	1474313884
1474305244	1474313884	1474314413
1474305323	1474313902	1474314400
1474305383	1474314033	1474314575
1474305407	1474314042	1474314536
1474305446	1474314179	1474314674
1474305507	1474314371	1474314731
1474305517	1474314400	1474315141
1474305726	1474314413	1474315029
1474305753	1474314441	1474315120
1474305888	1474314536	1474315063
1474305922	1474314575	1474315360
1474305944	1474314674	1474315632
1474306113	1474314731	1474315087
1474306183	1474315029	1474315523
1474306260	1474315063	1474315921
1474306268	1474315087	1474315782
1474306381	1474315120	1474315929
1474306397	1474315141	1474315579
1474306437	1474315360	1474316535
1474306517	1474315523	1474315800
1474306554	1474315579	1474316354
1474306627	1474315632	1474315898
1474306702	1474315782	1474316274
1474306736	1474315800	1474316588
1474306772	1474315898	1474316766
1474306890	1474315921	1474316352
1474306893	1474315929	1474316284
1474306959	1474316274	1474316918
1474307045	1474316284	1474316982
1474307092	1474316352	1474316820
1474307294	1474316354	1474317227
1474307327	1474316535	1474317023
1474307403	1474316588	1474317274
1474307404	1474316766	1474317165
1474307415	1474316820	1474317136
1474307493	1474316918	1474317430
1474307617	1474316982	1474317519
1474307767	1474317023	1474317318
1474307796	1474317136	1474317494
1474307842	1474317165	1474317609
1474307862	1474317227	1474317913
1474307870	1474317274	1474317728
1474307880	1474317318	1474318320
1474308029	1474317430	1474318032
1474308046	1474317494	1474317857
1474308127	1474317519	1474317944
1474308335	1474317609	1474317999
1474308356	1474317728	1474318197
1474308683	1474317857	1474318488
1474308707	1474317913	1474319018
1474308842	1474317944	1474318539
1474308859	1474317999	1474318715
1474308872	1474318032	1474318522
1474308925	1474318197	1474318643
1474308946	1474318320	1474319085
1474309001	1474318488	1474318921
1474309020	1474318522	1474318926
1474309029	1474318539	1474319383
1474309184	1474318643	1474319100
1474309207	1474318715	1474319269
1474309304	1474318921	1474319508
1474309480	1474318926	1474319735
1474309527	1474319018	1474320068
1474309575	1474319085	1474319999
1474309695	1474319100	1474320017
1474309738	1474319269	1474320068
1474309751	1474319383	1474320075
1474309890	1474319508	1474320094
1474310043	1474319735	1474320104
1474310067	1474319999	1474320275
1474310135	1474320017	1474320730
1474310136	1474320068	1474320876
1474310339	1474320068	1474320835
1474310770	1474320075	1474320773
1474310791	1474320094	1474320830
1474310791	1474320104	1474320967
1474310951	1474320275	1474321090
1474311033	1474320730	1474321195
1474311047	1474320773	1474321191
1474311115	1474320830	1474321464
1474311132	1474320835	1474321291
1474311179	1474320876	1474321482
1474311343	1474320967	1474321455
1474311471	1474321090	1474321725
1474311752	1474321191	1474321814
1474311880	1474321195	1474321631
1474312017	1474321291	1474321884
1474312207	1474321455	1474322027
1474312369	1474321464	1474322387
1474312524	1474321482	1474321785
1474312576	1474321631	1474322071
1474312759	1474321725	1474322248
1474312795	1474321785	1474322144
1474312823	1474321814	1474322293
1474312939	1474321884	1474322146
1474313203	1474322027	1474322296
1474313398	1474322071	1474322671
1474313416	1474322144	1474322735
1474313426	1474322146	1474322425
1474313612	1474322248	1474322753
1474313677	1474322293	1474322854
1474313763	1474322296	1474323064
1474314056	1474322387	1474322844
1474314108	1474322425	1474323304
1474314171	1474322671	1474323337
1474314177	1474322735	1474323382
1474314185	1474322753	1474323460
1474314350	1474322844	1474323939
1474314378	1474322854	1474323510
1474314417	1474323064	1474323866
1474314509	1474323304	1474323626
1474314542	1474323337	1474323890
1474314557	1474323382	1474324017
1474314805	1474323460	1474323815
1474314930	1474323510	1474324166
1474314979	1474323626	1474324627
1474315039	1474323815	1474324515
1474315136	1474323866	1474324627
1474315293	1474323890	1474324409
1474315452	1474323939	1474324363
1474315478	1474324017	1474324550
1474316090	1474324166	1474324711
1474316092	1474324363	1474325149
1474316339	1474324409	1474325059
1474316406	1474324515	1474325133
1474316590	1474324550	1474325020
1474316709	1474324627	1474325235
1474316802	1474324627	1474325574
1474316953	1474324711	1474325083
1474317065	1474325020	1474325719
1474317254	1474325059	1474325579
1474317345	1474325083	1474325578
1474317348	1474325133	1474325711
1474317418	1474325149	1474325474
1474317432	1474325235	1474325578
1474317474	1474325474	1474325926
1474317498	1474325574	1474326652
1474317524	1474325578	1474326481
1474317528	1474325578	1474326132
1474317570	1474325579	1474326240
1474317755	1474325711	1474326814
1474317891	1474325719	1474326291
1474317976	1474325926	1474326478
1474318000	1474326132	1474326471
1474318069	1474326240	1474326932
1474318334	1474326291	1474326761
1474318384	1474326471	1474327041
1474318534	1474326478	1474327087
1474318562	1474326481	1474327072
1474318582	1474326652	1474327018
1474318647	1474326761	1474327289
1474318753	1474326814	1474327566
