# number of operators: 11
arrival_times	start_service_time	end_service_time
1474275716	1474275716	1474275941
1474275752	1474275752	1474276650
1474275808	1474275808	1474276665
1474275875	1474275875	1474276487
1474275888	1474275888	1474277050
1474275890	1474275890	1474276141
1474275962	1474275962	1474276224
1474276013	1474276013	1474276545
1474276020	1474276020	1474276399
1474276035	1474276035	1474276361
1474276076	1474276076	1474276917
1474276170	1474276170	1474277236
1474276444	1474276444	1474277027
1474276447	1474276447	1474276825
1474276509	1474276509	1474276978
1474276538	1474276538	1474277021
1474276645	1474276645	1474276825
1474276674	1474276674	1474276918
1474276756	1474276756	1474277699
1474276757	1474276757	1474277366
1474276771	1474276825	1474277196
1474276933	1474276933	1474277798
1474277119	1474277119	1474277937
1474277267	1474277267	1474278009
1474277327	1474277327	1474278080
1474277336	1474277336	1474277729
1474277345	1474277345	1474277895
1474277471	1474277471	1474277984
1474277481	1474277481	1474278037
1474277544	1474277544	1474278421
1474277591	1474277591	1474277854
1474277691	1474277699	1474278214
1474277741	1474277741	1474278431
1474277857	1474277857	1474278417
1474277868	1474277868	1474278310
1474277881	1474277895	1474278193
1474277994	1474277994	1474278477
1474278048	1474278048	1474278287
1474278094	1474278094	1474278625
1474278175	1474278175	1474278467
1474278246	1474278246	1474278734
1474278247	1474278247	1474279464
1474278341	1474278341	1474278656
1474278451	1474278451	1474279103
1474278497	1474278497	1474279050
1474278891	1474278891	1474279457
1474278947	1474278947	1474279433
1474278947	1474278947	1474279238
1474278966	1474278966	1474279783
1474279074	1474279074	1474279889
1474279105	1474279105	1474279701
1474279129	1474279129	1474279403
1474279167	1474279167	1474280001
1474279176	1474279176	1474279317
1474279239	1474279239	1474279508
1474279363	1474279363	1474280067
1474279428	1474279428	1474280029
1474279499	1474279499	1474279878
1474279602	1474279602	1474280044
1474279610	1474279610	1474280213
1474279656	1474279656	1474280572
1474279724	1474279724	1474280337
1474279724	1474279724	1474280331
1474279742	1474279783	1474280498
1474279763	1474279878	1474280237
1474280015	1474280015	1474280469
1474280125	1474280125	1474280463
1474280364	1474280364	1474281127
1474280370	1474280370	1474281068
1474280371	1474280371	1474280835
1474280455	1474280455	1474281296
1474280509	1474280509	1474280760
1474280528	1474280528	1474281244
1474280777	1474280777	1474281595
1474280834	1474280834	1474281563
1474280845	1474280845	1474281335
1474280863	1474280863	1474281341
1474280873	1474280873	1474281396
1474280929	1474280929	1474281366
1474280933	1474280933	1474281504
1474280944	1474281068	1474281687
1474280951	1474281127	1474281503
1474280983	1474281244	1474281944
1474281088	1474281296	1474281930
1474281157	1474281335	1474282078
1474281182	1474281341	1474281729
1474281231	1474281366	1474281691
1474281330	1474281396	1474281859
1474281388	1474281503	1474282340
1474281403	1474281504	1474281912
1474281452	1474281563	1474282328
1474281464	1474281595	1474281949
1474281503	1474281687	1474282056
1474281556	1474281691	1474282157
1474281558	1474281729	1474282238
1474281572	1474281859	1474282495
1474281591	1474281912	1474282338
1474281657	1474281930	1474282596
1474281692	1474281944	1474282784
1474281697	1474281949	1474282307
1474281856	1474282056	1474282758
1474281888	1474282078	1474282581
1474281901	1474282157	1474282844
1474281926	1474282238	1474283183
1474281988	1474282307	1474283071
1474282017	1474282328	1474283331
1474282105	1474282338	1474282654
1474282135	1474282340	1474282742
1474282147	1474282495	1474283048
1474282190	1474282581	1474283411
1474282414	1474282596	1474282837
1474282457	1474282654	1474282972
1474282492	1474282742	1474283253
1474282497	1474282758	1474283676
1474282527	1474282784	1474283380
1474282546	1474282837	1474283456
1474282583	1474282844	1474283758
1474282605	1474282972	1474283250
1474282610	1474283048	1474283447
1474282647	1474283071	1474283863
1474282654	1474283183	1474283726
1474282682	1474283250	1474283808
1474282698	1474283253	1474283819
1474282700	1474283331	1474283749
1474282722	1474283380	1474284272
1474282829	1474283411	1474284208
1474282869	1474283447	1474283808
1474282914	1474283456	1474284222
1474282989	1474283676	1474284284
1474282995	1474283726	1474284632
1474283002	1474283749	1474284229
1474283043	1474283758	1474284419
1474283097	1474283808	1474284224
1474283334	1474283808	1474284254
1474283384	1474283819	1474284159
1474283429	1474283863	1474285184
1474283456	1474284159	1474284636
1474283531	1474284208	1474285013
1474283553	1474284222	1474284844
1474283598	1474284224	1474285454
1474283698	1474284229	1474284892
1474283745	1474284254	1474284993
1474283745	1474284272	1474284883
1474283952	1474284284	1474284965
1474284047	1474284419	1474285290
1474284072	1474284632	1474285382
1474284194	1474284636	1474285171
1474284196	1474284844	1474285858
1474284205	1474284883	1474285489
1474284288	1474284892	1474285433
1474284364	1474284965	1474285361
1474284434	1474284993	1474285561
1474284522	1474285013	1474285458
1474284524	1474285171	1474285937
1474284715	1474285184	1474286164
1474284885	1474285290	1474285826
1474285032	1474285361	1474286381
1474285085	1474285382	1474286141
1474285132	1474285433	1474285824
1474285175	1474285454	1474286100
1474285281	1474285458	1474286330
1474285289	1474285489	1474285945
1474285367	1474285561	1474285831
1474285619	1474285824	1474286174
1474285633	1474285826	1474286379
1474285700	1474285831	1474286577
1474285705	1474285858	1474286225
1474285731	1474285937	1474286331
1474285918	1474285945	1474286344
1474285982	1474286100	1474287331
1474286017	1474286141	1474286570
1474286096	1474286164	1474287065
1474286258	1474286258	1474286693
1474286304	1474286304	1474286638
1474286319	1474286330	1474286827
1474286453	1474286453	1474287140
1474286464	1474286464	1474287392
1474286506	1474286506	1474286762
1474287017	1474287017	1474287437
1474287137	1474287137	1474287506
1474287187	1474287187	1474287317
1474287288	1474287288	1474287728
1474287306	1474287306	1474287837
1474287316	1474287316	1474288323
1474287461	1474287461	1474287769
1474287483	1474287483	1474288025
1474287532	1474287532	1474288254
1474287614	1474287614	1474288336
1474287632	1474287632	1474287952
1474287654	1474287654	1474288237
1474287685	1474287685	1474288101
1474287725	1474287725	1474288403
1474287759	1474287759	1474288110
1474287862	1474287862	1474288612
1474287864	1474287864	1474288285
1474287896	1474287952	1474288708
1474287917	1474288025	1474288560
1474288137	1474288137	1474288592
1474288141	1474288141	1474289139
1474288189	1474288237	1474288838
1474288220	1474288254	1474288734
1474288254	1474288285	1474289122
1474288357	1474288357	1474289245
1474288529	1474288529	1474288891
1474288609	1474288609	1474289112
1474288758	1474288758	1474289363
1474288762	1474288762	1474289633
1474288834	1474288834	1474289583
1474288886	1474288886	1474289532
1474288905	1474288905	1474289275
1474288973	1474288973	1474289673
1474288975	1474288975	1474289858
1474288993	1474289112	1474289863
1474289014	1474289122	1474289521
1474289029	1474289139	1474289901
1474289067	1474289245	1474289947
1474289095	1474289275	1474289894
1474289238	1474289363	1474289739
1474289501	1474289521	1474290238
1474289509	1474289532	1474290042
1474289513	1474289583	1474290030
1474289532	1474289633	1474290811
1474289609	1474289673	1474290109
1474289659	1474289739	1474290292
1474289714	1474289858	1474290607
1474289750	1474289863	1474290453
1474289847	1474289894	1474290471
1474289964	1474289964	1474290760
1474290010	1474290010	1474290520
1474290018	1474290030	1474290628
1474290026	1474290042	1474290626
1474290132	1474290132	1474290586
1474290189	1474290238	1474290844
1474290202	1474290292	1474290856
1474290300	1474290453	1474291030
1474290334	1474290471	1474291350
1474290437	1474290520	1474290992
1474290440	1474290586	1474291388
1474290518	1474290607	1474291137
1474290520	1474290626	1474291237
1474290624	1474290628	1474291055
1474290742	1474290760	1474291143
1474290908	1474290908	1474291320
1474291128	1474291128	1474292010
1474291145	1474291145	1474291550
1474291324	1474291324	1474291660
1474291342	1474291342	1474292140
1474291366	1474291366	1474291887
1474291397	1474291397	1474291596
1474291402	1474291402	1474292102
1474291432	1474291432	1474292243
1474291456	1474291456	1474292059
1474291615	1474291615	1474292140
1474291636	1474291636	1474291950
1474291731	1474291731	1474292370
1474291926	1474291926	1474292530
1474291949	1474291949	1474292550
1474291970	1474291970	1474292256
1474291970	1474291970	1474292467
1474292039	1474292039	1474292626
1474292249	1474292249	1474292653
1474292347	1474292347	1474293107
1474292347	1474292347	1474292677
1474292375	1474292375	1474292999
1474292492	1474292492	1474293590
1474292570	1474292570	1474292931
1474292705	1474292705	1474293263
1474292945	1474292945	1474293803
1474293107	1474293107	1474293807
1474293119	1474293119	1474293898
1474293146	1474293146	1474294043
1474293427	1474293427	1474294479
1474293465	1474293465	1474294052
1474293628	1474293628	1474294053
1474293654	1474293654	1474294121
1474293688	1474293688	1474294261
1474293703	1474293703	1474294033
1474293749	1474293749	1474294342
1474293781	1474293803	1474294346
1474293826	1474293826	1474294601
1474293873	1474293898	1474294538
1474294048	1474294048	1474294876
1474294119	1474294119	1474295039
1474294162	1474294162	1474294756
1474294173	1474294173	1474294624
1474294314	1474294314	1474294873
1474294353	1474294353	1474295107
1474294466	1474294466	1474295099
1474294466	1474294466	1474295016
1474294671	1474294671	1474295492
1474294747	1474294747	1474295825
1474294835	1474294835	1474295454
1474294948	1474294948	1474295527
1474295013	1474295013	1474295678
1474295104	1474295104	1474295688
1474295105	1474295105	1474295787
1474295114	1474295114	1474295637
1474295132	1474295132	1474295405
1474295184	1474295184	1474295918
1474295296	1474295296	1474296055
1474295326	1474295405	1474295954
1474295355	1474295454	1474295850
1474295359	1474295492	1474295841
1474295391	1474295527	1474296615
1474295464	1474295637	1474296277
1474295536	1474295678	1474296121
1474295549	1474295688	1474295988
1474295561	1474295787	1474296554
1474295578	1474295825	1474296349
1474295599	1474295841	1474296216
1474295637	1474295850	1474296308
1474295672	1474295918	1474296944
1474295682	1474295954	1474297133
1474295686	1474295988	1474296475
1474295713	1474296055	1474296427
1474295723	1474296121	1474296849
1474295741	1474296216	1474296803
1474295750	1474296277	1474296997
1474295874	1474296308	1474297358
1474295922	1474296349	1474296767
1474295935	1474296427	1474297010
1474295951	1474296475	1474297211
1474295970	1474296554	1474297207
1474295978	1474296615	1474297242
1474296101	1474296767	1474297390
1474296275	1474296803	1474297084
1474296357	1474296849	1474297611
1474296448	1474296944	1474297433
1474296600	1474296997	1474297566
1474296658	1474297010	1474297766
1474296662	1474297084	1474297802
1474296666	1474297133	1474297593
1474296673	1474297207	1474297675
1474296778	1474297211	1474298067
1474296780	1474297242	1474297920
1474296825	1474297358	1474297834
1474296947	1474297390	1474297928
1474296991	1474297433	1474297814
1474297104	1474297566	1474297863
1474297168	1474297593	1474298231
1474297282	1474297611	1474298363
1474297299	1474297675	1474298151
1474297449	1474297766	1474298566
1474297458	1474297802	1474298267
1474297459	1474297814	1474298540
1474297602	1474297834	1474298414
1474297691	1474297863	1474298196
1474297699	1474297920	1474298786
1474297731	1474297928	1474298448
1474297738	1474298067	1474298858
1474297747	1474298151	1474299341
1474297779	1474298196	1474299263
1474297780	1474298231	1474298519
1474297822	1474298267	1474298983
1474297899	1474298363	1474299004
1474297904	1474298414	1474298832
1474297917	1474298448	1474298825
1474297934	1474298519	1474299190
1474297954	1474298540	1474299497
1474297954	1474298566	1474299428
1474297970	1474298786	1474299159
1474298000	1474298825	1474299432
1474298039	1474298832	1474299581
1474298071	1474298858	1474299383
1474298080	1474298983	1474299471
1474298090	1474299004	1474299467
1474298118	1474299159	1474299586
1474298279	1474299190	1474299968
1474298385	1474299263	1474300284
1474298401	1474299341	1474299774
1474298448	1474299383	1474300072
1474298459	1474299428	1474299920
1474298616	1474299432	1474300099
1474298671	1474299467	1474300186
1474298705	1474299471	1474300332
1474298714	1474299497	1474300196
1474298751	1474299581	1474300379
1474298769	1474299586	1474300093
1474298794	1474299774	1474300379
1474298872	1474299920	1474300596
1474298888	1474299968	1474300444
1474298923	1474300072	1474300572
1474299058	1474300093	1474300763
1474299116	1474300099	1474301084
1474299121	1474300186	1474300811
1474299214	1474300196	1474300908
1474299330	1474300284	1474301181
1474299351	1474300332	1474300688
1474299488	1474300379	1474300840
1474299594	1474300379	1474300961
1474299639	1474300444	1474301053
1474299678	1474300572	1474301181
1474299783	1474300596	1474300967
1474299886	1474300688	1474301392
1474299913	1474300763	1474301514
1474300029	1474300811	1474301190
1474300116	1474300840	1474301398
1474300274	1474300908	1474301701
1474300309	1474300961	1474301319
1474300502	1474300967	1474301458
1474300567	1474301053	1474301553
1474300609	1474301084	1474301969
1474300670	1474301181	1474301892
1474300743	1474301181	1474301477
1474300809	1474301190	1474301637
1474300826	1474301319	1474301987
1474300832	1474301392	1474302151
1474300881	1474301398	1474301924
1474300955	1474301458	1474301863
1474300973	1474301477	1474301961
1474300977	1474301514	1474301972
1474301011	1474301553	1474301977
1474301116	1474301637	1474302384
1474301123	1474301701	1474302560
1474301172	1474301863	1474302532
1474301215	1474301892	1474302295
1474301458	1474301924	1474302626
1474301586	1474301961	1474302770
1474301712	1474301969	1474302481
1474301716	1474301972	1474302437
1474301780	1474301977	1474302469
1474301848	1474301987	1474302223
1474302035	1474302151	1474302882
1474302093	1474302223	1474302890
1474302273	1474302295	1474302911
1474302349	1474302384	1474302778
1474302484	1474302484	1474303263
1474302505	1474302505	1474303563
1474302611	1474302611	1474303194
1474302684	1474302684	1474303394
1474302761	1474302761	1474303540
1474302903	1474302903	1474303538
1474302919	1474302919	1474303454
1474302980	1474302980	1474303240
1474303052	1474303052	1474303846
1474303079	1474303079	1474303689
1474303219	1474303219	1474303593
1474303283	1474303283	1474304032
1474303283	1474303283	1474303821
1474303415	1474303415	1474303846
1474303470	1474303470	1474303924
1474303525	1474303525	1474303776
1474303572	1474303572	1474303999
1474303575	1474303575	1474304440
1474303584	1474303584	1474304267
1474303720	1474303720	1474304293
1474303743	1474303743	1474304522
1474303800	1474303800	1474304096
1474303857	1474303857	1474304655
1474303887	1474303887	1474304542
1474303910	1474303910	1474304347
1474304062	1474304062	1474304866
1474304153	1474304153	1474304477
1474304163	1474304163	1474305160
1474304171	1474304171	1474304852
1474304182	1474304267	1474305143
1474304183	1474304293	1474304895
1474304190	1474304347	1474305144
1474304203	1474304440	1474305156
1474304274	1474304477	1474304829
1474304287	1474304522	1474305020
1474304291	1474304542	1474304922
1474304311	1474304655	1474305006
1474304315	1474304829	1474305583
1474304322	1474304852	1474305817
1474304323	1474304866	1474305673
1474304374	1474304895	1474305830
1474304381	1474304922	1474305447
1474304564	1474305006	1474305919
1474304612	1474305020	1474305503
1474304733	1474305143	1474305842
1474304893	1474305144	1474306141
1474304935	1474305156	1474306007
1474305039	1474305160	1474305700
1474305121	1474305447	1474305736
1474305162	1474305503	1474306015
1474305306	1474305583	1474306433
1474305333	1474305673	1474306194
1474305380	1474305700	1474306134
1474305446	1474305736	1474306543
1474305583	1474305817	1474306100
1474305602	1474305830	1474306596
1474305724	1474305842	1474306704
1474305740	1474305919	1474306615
1474305787	1474306007	1474306558
1474305811	1474306015	1474306878
1474305859	1474306100	1474306471
1474305865	1474306134	1474306815
1474305885	1474306141	1474306809
1474305886	1474306194	1474306892
1474305889	1474306433	1474306946
1474305981	1474306471	1474306930
1474306075	1474306543	1474307107
1474306099	1474306558	1474307561
1474306121	1474306596	1474307260
1474306240	1474306615	1474307066
1474306341	1474306704	1474307803
1474306366	1474306809	1474307489
1474306520	1474306815	1474307586
1474306759	1474306878	1474307343
1474306774	1474306892	1474307449
1474306866	1474306930	1474307465
1474306871	1474306946	1474307466
1474306899	1474307066	1474307626
1474306952	1474307107	1474307728
1474306983	1474307260	1474308391
1474307018	1474307343	1474307835
1474307028	1474307449	1474308383
1474307030	1474307465	1474308174
1474307069	1474307466	1474308117
1474307138	1474307489	1474308105
1474307165	1474307561	1474308214
1474307192	1474307586	1474308290
1474307231	1474307626	1474308029
1474307254	1474307728	1474308497
1474307281	1474307803	1474308368
1474307387	1474307835	1474308166
1474307447	1474308029	1474308366
1474307452	1474308105	1474308915
1474307630	1474308117	1474308729
1474307655	1474308166	1474308577
1474307666	1474308174	1474308820
1474307718	1474308214	1474308633
1474307724	1474308290	1474308765
1474308034	1474308366	1474308790
1474308111	1474308368	1474308989
1474308142	1474308383	1474308915
1474308213	1474308391	1474309017
1474308266	1474308497	1474309057
1474308267	1474308577	1474309298
1474308295	1474308633	1474309464
1474308339	1474308729	1474309759
1474308350	1474308765	1474309160
1474308370	1474308790	1474309218
1474308394	1474308820	1474309394
1474308399	1474308915	1474309464
1474308441	1474308915	1474309469
1474308459	1474308989	1474309871
1474308649	1474309017	1474309858
1474308679	1474309057	1474309548
1474308687	1474309160	1474310032
1474308697	1474309218	1474309771
1474308784	1474309298	1474309814
1474308861	1474309394	1474310203
1474308954	1474309464	1474310128
1474309084	1474309464	1474309768
1474309111	1474309469	1474310124
1474309204	1474309548	1474310040
1474309267	1474309759	1474310658
1474309390	1474309768	1474310249
1474309458	1474309771	1474310323
1474309509	1474309814	1474310201
1474309531	1474309858	1474310139
1474309554	1474309871	1474310642
1474309610	1474310032	1474311086
1474309615	1474310040	1474311020
1474309817	1474310124	1474310562
1474309821	1474310128	1474310674
1474309846	1474310139	1474310542
1474309847	1474310201	1474310561
1474309849	1474310203	1474311192
1474309913	1474310249	1474311222
1474310042	1474310323	1474310974
1474310123	1474310542	1474311003
1474310215	1474310561	1474311186
1474310251	1474310562	1474310881
1474310256	1474310642	1474310891
1474310266	1474310658	1474311168
1474310390	1474310674	1474311223
1474310434	1474310881	1474311396
1474310454	1474310891	1474311896
1474310523	1474310974	1474311562
1474310621	1474311003	1474311712
1474310661	1474311020	1474311749
1474310813	1474311086	1474311829
1474310844	1474311168	1474311717
1474310930	1474311186	1474312054
1474310945	1474311192	1474311820
1474310976	1474311222	1474311756
1474311016	1474311223	1474311955
1474311017	1474311396	1474311802
1474311045	1474311562	1474312342
1474311060	1474311712	1474312287
1474311070	1474311717	1474312194
1474311124	1474311749	1474312008
1474311211	1474311756	1474312653
1474311229	1474311802	1474312564
1474311245	1474311820	1474312312
1474311255	1474311829	1474312759
1474311331	1474311896	1474312946
1474311406	1474311955	1474312298
1474311465	1474312008	1474312410
1474311470	1474312054	1474312663
1474311599	1474312194	1474312801
1474311738	1474312287	1474312751
1474311745	1474312298	1474313008
1474311746	1474312312	1474313010
1474311963	1474312342	1474312884
1474311978	1474312410	1474312939
1474312078	1474312564	1474313307
1474312134	1474312653	1474313285
1474312331	1474312663	1474313534
1474312434	1474312751	1474313403
1474312459	1474312759	1474313419
1474312492	1474312801	1474313273
1474312567	1474312884	1474313343
1474312630	1474312939	1474313693
1474312666	1474312946	1474313656
1474312675	1474313008	1474313532
1474312676	1474313010	1474313425
1474312687	1474313273	1474313779
1474312748	1474313285	1474313985
1474312756	1474313307	1474313915
1474312783	1474313343	1474313775
1474312881	1474313403	1474313950
1474312964	1474313419	1474314169
1474313038	1474313425	1474313856
1474313223	1474313532	1474313970
1474313263	1474313534	1474313864
1474313292	1474313656	1474313982
1474313311	1474313693	1474314004
1474313321	1474313775	1474314370
1474313454	1474313779	1474314784
1474313467	1474313856	1474314344
1474313501	1474313864	1474314508
1474313586	1474313915	1474314805
1474313637	1474313950	1474314373
1474313653	1474313970	1474314666
1474313741	1474313982	1474314251
1474313760	1474313985	1474314767
1474313819	1474314004	1474314326
1474313868	1474314169	1474314720
1474314046	1474314251	1474314727
1474314058	1474314326	1474314925
1474314071	1474314344	1474314944
1474314087	1474314370	1474315157
1474314131	1474314373	1474314907
1474314193	1474314508	1474315066
1474314194	1474314666	1474315262
1474314441	1474314720	1474315602
1474314490	1474314727	1474315287
1474314606	1474314767	1474315509
1474314644	1474314784	1474315527
1474314725	1474314805	1474315437
1474314779	1474314907	1474315917
1474314839	1474314925	1474315425
1474314852	1474314944	1474315726
1474314882	1474315066	1474315547
1474315195	1474315195	1474315843
1474315452	1474315452	1474316037
1474315494	1474315494	1474316071
1474315564	1474315564	1474315978
1474315662	1474315662	1474316115
1474315663	1474315663	1474316225
1474315715	1474315715	1474316328
1474315788	1474315788	1474316281
1474315843	1474315843	1474316509
1474315873	1474315873	1474316151
1474315889	1474315889	1474316272
1474315913	1474315917	1474317034
1474315943	1474315978	1474316435
1474316067	1474316067	1474316626
1474316081	1474316081	1474316823
1474316091	1474316115	1474316542
1474316167	1474316167	1474316887
1474316194	1474316225	1474316725
1474316336	1474316336	1474316965
1474316361	1474316361	1474317189
1474316362	1474316362	1474317081
1474316456	1474316456	1474317254
1474316504	1474316509	1474317220
1474316510	1474316542	1474317374
1474316605	1474316626	1474317157
1474316657	1474316725	1474317707
1474316694	1474316823	1474317569
1474316818	1474316887	1474317373
1474316947	1474316965	1474317649
1474316949	1474317034	1474317514
1474316956	1474317081	1474317767
1474317007	1474317157	1474317668
1474317032	1474317189	1474317911
1474317079	1474317220	1474318190
1474317300	1474317300	1474317696
1474317417	1474317417	1474317730
1474317423	1474317423	1474317993
1474317479	1474317514	1474318440
1474317545	1474317569	1474318400
1474317578	1474317649	1474318439
1474317630	1474317668	1474318367
1474317708	1474317708	1474318553
1474317718	1474317718	1474318374
1474317897	1474317897	1474318685
1474317955	1474317955	1474318484
1474317974	1474317974	1474318820
1474318012	1474318012	1474318935
1474318084	1474318190	1474319099
1474318234	1474318367	1474319172
1474318256	1474318374	1474318866
1474318450	1474318450	1474319003
1474318501	1474318501	1474319328
1474318530	1474318530	1474319318
1474318589	1474318589	1474319000
1474318599	1474318599	1474318893
1474318604	1474318685	1474319538
1474318605	1474318820	1474319380
1474318720	1474318866	1474319590
1474318727	1474318893	1474319422
1474318730	1474318935	1474319189
1474318757	1474319000	1474319508
1474318831	1474319003	1474319428
1474318848	1474319099	1474319451
