# number of operators: 13
arrival_times	start_service_time	end_service_time
1474275673	1474275673	1474276068
1474275680	1474275680	1474276385
1474275689	1474275689	1474276284
1474275786	1474275786	1474276283
1474276122	1474276122	1474276996
1474276296	1474276296	1474276804
1474276305	1474276305	1474277255
1474276314	1474276314	1474276717
1474276324	1474276324	1474276614
1474276324	1474276324	1474276720
1474276324	1474276324	1474277019
1474276357	1474276357	1474276998
1474276366	1474276366	1474276747
1474276410	1474276410	1474276975
1474276540	1474276540	1474276998
1474276558	1474276558	1474277328
1474276589	1474276589	1474276986
1474276624	1474276624	1474277192
1474276720	1474276720	1474277775
1474276784	1474276784	1474277786
1474276791	1474276791	1474277202
1474276795	1474276804	1474277680
1474276905	1474276975	1474277381
1474276909	1474276986	1474277453
1474276967	1474276996	1474277595
1474277090	1474277090	1474277848
1474277092	1474277092	1474277495
1474277227	1474277227	1474277706
1474277234	1474277234	1474278111
1474277286	1474277286	1474277829
1474277332	1474277332	1474277886
1474277389	1474277389	1474277662
1474277458	1474277458	1474278162
1474277498	1474277498	1474278061
1474277523	1474277523	1474277874
1474277616	1474277616	1474278101
1474277698	1474277698	1474278152
1474277706	1474277706	1474278468
1474277738	1474277738	1474278553
1474277785	1474277785	1474278394
1474277789	1474277789	1474278199
1474277847	1474277847	1474278268
1474277940	1474277940	1474278823
1474278034	1474278034	1474279016
1474278041	1474278041	1474278612
1474278116	1474278116	1474278381
1474278209	1474278209	1474278742
1474278297	1474278297	1474279294
1474278396	1474278396	1474279209
1474278411	1474278411	1474278646
1474278504	1474278504	1474278772
1474278520	1474278520	1474278942
1474278525	1474278525	1474279160
1474278600	1474278600	1474279415
1474278600	1474278600	1474279175
1474278635	1474278635	1474279465
1474278659	1474278659	1474279656
1474278667	1474278667	1474279440
1474278687	1474278742	1474279549
1474278888	1474278888	1474279398
1474278905	1474278905	1474279991
1474278953	1474278953	1474279335
1474278961	1474279016	1474279234
1474279049	1474279160	1474279444
1474279050	1474279175	1474279692
1474279088	1474279209	1474279692
1474279135	1474279234	1474279658
1474279153	1474279294	1474279764
1474279167	1474279335	1474279781
1474279218	1474279398	1474280221
1474279277	1474279415	1474279728
1474279289	1474279440	1474279877
1474279373	1474279444	1474280397
1474279549	1474279549	1474280126
1474279556	1474279556	1474279897
1474279607	1474279656	1474280244
1474279656	1474279658	1474279901
1474279700	1474279700	1474280283
1474279761	1474279761	1474280223
1474279783	1474279783	1474280259
1474279802	1474279802	1474280200
1474279897	1474279897	1474280680
1474279914	1474279914	1474280512
1474279919	1474279919	1474281152
1474280138	1474280138	1474280576
1474280216	1474280216	1474280924
1474280317	1474280317	1474281034
1474280318	1474280318	1474280976
1474280368	1474280368	1474281070
1474280371	1474280371	1474280840
1474280401	1474280401	1474280779
1474280468	1474280468	1474280898
1474280476	1474280476	1474280756
1474280592	1474280592	1474281679
1474280602	1474280602	1474281099
1474280607	1474280607	1474280953
1474280654	1474280680	1474281218
1474280657	1474280756	1474281135
1474280663	1474280779	1474281304
1474280666	1474280840	1474281597
1474280778	1474280898	1474281808
1474280834	1474280924	1474281668
1474280842	1474280953	1474281530
1474280959	1474280976	1474281555
1474280989	1474281034	1474281448
1474281247	1474281247	1474281917
1474281258	1474281258	1474281896
1474281374	1474281374	1474282041
1474281483	1474281483	1474281950
1474281495	1474281495	1474282054
1474281678	1474281678	1474282183
1474281799	1474281799	1474282538
1474281807	1474281807	1474282299
1474281832	1474281832	1474282549
1474281864	1474281864	1474282399
1474281937	1474281937	1474282739
1474281984	1474281984	1474282810
1474282027	1474282027	1474282655
1474282170	1474282170	1474282895
1474282188	1474282188	1474282991
1474282262	1474282262	1474282729
1474282293	1474282293	1474283144
1474282326	1474282326	1474282888
1474282339	1474282339	1474283044
1474282510	1474282510	1474283307
1474282611	1474282611	1474283524
1474282735	1474282735	1474283006
1474282860	1474282860	1474283345
1474282882	1474282882	1474283426
1474282949	1474282949	1474283486
1474282999	1474282999	1474283570
1474283075	1474283075	1474283797
1474283082	1474283082	1474283515
1474283096	1474283096	1474283639
1474283121	1474283121	1474283607
1474283142	1474283142	1474283908
1474283258	1474283258	1474284091
1474283311	1474283311	1474283667
1474283322	1474283322	1474284249
1474283351	1474283351	1474284443
1474283390	1474283426	1474284036
1474283560	1474283560	1474284193
1474283564	1474283564	1474283914
1474283569	1474283569	1474283913
1474283611	1474283611	1474284164
1474283733	1474283733	1474284196
1474283744	1474283744	1474284305
1474283800	1474283800	1474284268
1474283858	1474283858	1474284312
1474283863	1474283908	1474284317
1474283917	1474283917	1474284593
1474283931	1474283931	1474284402
1474284190	1474284190	1474284862
1474284212	1474284212	1474284864
1474284243	1474284243	1474284960
1474284327	1474284327	1474284679
1474284512	1474284512	1474284969
1474284524	1474284524	1474284865
1474284566	1474284566	1474285465
1474284572	1474284572	1474285110
1474284665	1474284665	1474285049
1474284714	1474284714	1474285792
1474284740	1474284740	1474285514
1474284764	1474284764	1474285214
1474284774	1474284774	1474285053
1474284830	1474284830	1474285273
1474284853	1474284862	1474285448
1474284953	1474284953	1474285386
1474284981	1474284981	1474285554
1474285029	1474285029	1474285464
1474285063	1474285063	1474285413
1474285127	1474285127	1474285633
1474285198	1474285198	1474285816
1474285236	1474285236	1474285656
1474285329	1474285329	1474285921
1474285397	1474285397	1474285766
1474285409	1474285409	1474286137
1474285421	1474285421	1474286104
1474285499	1474285499	1474286003
1474285515	1474285515	1474286191
1474285530	1474285530	1474285883
1474285580	1474285580	1474286174
1474285605	1474285605	1474286448
1474285767	1474285767	1474286396
1474285844	1474285844	1474286248
1474285918	1474285918	1474286329
1474285936	1474285936	1474286305
1474285947	1474285947	1474286327
1474286103	1474286103	1474286932
1474286117	1474286117	1474286705
1474286122	1474286122	1474286473
1474286124	1474286124	1474286638
1474286154	1474286154	1474286729
1474286275	1474286275	1474286856
1474286481	1474286481	1474286979
1474286510	1474286510	1474287031
1474286559	1474286559	1474287058
1474286624	1474286624	1474287369
1474286666	1474286666	1474287485
1474286666	1474286666	1474287236
1474286683	1474286683	1474287263
1474286690	1474286690	1474287241
1474286775	1474286775	1474287199
1474286813	1474286813	1474287617
1474286897	1474286897	1474287251
1474286953	1474286953	1474287391
1474286953	1474286953	1474287421
1474287028	1474287028	1474287501
1474287051	1474287051	1474287525
1474287191	1474287191	1474287838
1474287356	1474287356	1474287870
1474287459	1474287459	1474288001
1474287657	1474287657	1474288292
1474287662	1474287662	1474287914
1474287756	1474287756	1474288538
1474287934	1474287934	1474288803
1474288129	1474288129	1474288628
1474288185	1474288185	1474288536
1474288200	1474288200	1474288685
1474288242	1474288242	1474288691
1474288287	1474288287	1474288843
1474288303	1474288303	1474288723
1474288451	1474288451	1474288891
1474288506	1474288506	1474288904
1474288529	1474288529	1474288723
1474288552	1474288552	1474289125
1474288576	1474288576	1474289087
1474288687	1474288687	1474289197
1474288731	1474288731	1474289205
1474288758	1474288758	1474289645
1474288832	1474288832	1474289532
1474288944	1474288944	1474289641
1474289005	1474289005	1474289652
1474289069	1474289069	1474289723
1474289118	1474289118	1474289944
1474289171	1474289171	1474289591
1474289205	1474289205	1474289514
1474289207	1474289207	1474289432
1474289218	1474289218	1474289592
1474289262	1474289262	1474289805
1474289323	1474289323	1474289932
1474289335	1474289335	1474289926
1474289370	1474289432	1474289574
1474289412	1474289514	1474290455
1474289538	1474289538	1474289820
1474289582	1474289582	1474290128
1474289620	1474289620	1474290383
1474289625	1474289625	1474290048
1474289659	1474289659	1474290196
1474289685	1474289685	1474290317
1474289705	1474289705	1474289935
1474289731	1474289731	1474290395
1474289749	1474289805	1474290421
1474289817	1474289820	1474290289
1474289899	1474289926	1474290433
1474289903	1474289932	1474290480
1474289905	1474289935	1474290548
1474289916	1474289944	1474290201
1474289936	1474290048	1474290426
1474289996	1474290128	1474290812
1474290089	1474290196	1474290775
1474290119	1474290201	1474290983
1474290121	1474290289	1474290734
1474290199	1474290317	1474290645
1474290330	1474290383	1474291052
1474290369	1474290395	1474290879
1474290370	1474290421	1474291080
1474290558	1474290558	1474291091
1474290599	1474290599	1474290929
1474290644	1474290644	1474291325
1474290683	1474290683	1474291241
1474290700	1474290700	1474291598
1474290855	1474290855	1474291267
1474290873	1474290873	1474291263
1474290998	1474290998	1474291687
1474291045	1474291045	1474291763
1474291134	1474291134	1474291759
1474291138	1474291138	1474291551
1474291171	1474291171	1474291925
1474291181	1474291181	1474291791
1474291213	1474291213	1474291610
1474291276	1474291276	1474291869
1474291360	1474291360	1474291907
1474291589	1474291589	1474292322
1474291599	1474291599	1474292255
1474291606	1474291606	1474291869
1474291625	1474291625	1474292108
1474291678	1474291678	1474292191
1474291698	1474291698	1474292305
1474291739	1474291739	1474292535
1474291771	1474291771	1474292275
1474291803	1474291803	1474292385
1474291864	1474291864	1474292772
1474291923	1474291923	1474292522
1474291958	1474291958	1474292373
1474291964	1474291964	1474292374
1474292019	1474292019	1474292560
1474292031	1474292108	1474292528
1474292069	1474292191	1474292588
1474292081	1474292255	1474292769
1474292176	1474292275	1474293083
1474292229	1474292305	1474293160
1474292256	1474292322	1474292983
1474292347	1474292373	1474293067
1474292441	1474292441	1474292793
1474292486	1474292486	1474293080
1474292487	1474292522	1474293065
1474292584	1474292584	1474293023
1474292750	1474292750	1474293535
1474292754	1474292754	1474293324
1474292756	1474292756	1474293074
1474292768	1474292769	1474293457
1474292816	1474292816	1474293341
1474292844	1474292844	1474293359
1474292916	1474292983	1474293876
1474293181	1474293181	1474293954
1474293227	1474293227	1474293799
1474293241	1474293241	1474293654
1474293284	1474293284	1474294056
1474293351	1474293351	1474293813
1474293470	1474293470	1474294149
1474293487	1474293487	1474294181
1474293583	1474293583	1474294088
1474293605	1474293605	1474294282
1474293610	1474293610	1474294505
1474293624	1474293624	1474294144
1474293666	1474293666	1474294238
1474293698	1474293698	1474294419
1474293785	1474293799	1474294542
1474293875	1474293875	1474294469
1474294062	1474294062	1474294679
1474294176	1474294176	1474294674
1474294388	1474294388	1474294744
1474294451	1474294451	1474295123
1474294452	1474294452	1474295299
1474294613	1474294613	1474295039
1474294649	1474294649	1474295333
1474294695	1474294695	1474295081
1474294712	1474294712	1474295182
1474294729	1474294729	1474295543
1474294826	1474294826	1474295292
1474294851	1474294851	1474295176
1474294870	1474294870	1474295693
1474294991	1474294991	1474295448
1474294999	1474294999	1474295468
1474295037	1474295037	1474295509
1474295057	1474295057	1474295605
1474295102	1474295102	1474295564
1474295202	1474295202	1474296057
1474295282	1474295282	1474296013
1474295284	1474295284	1474296011
1474295311	1474295311	1474295834
1474295311	1474295311	1474296021
1474295322	1474295333	1474296221
1474295447	1474295448	1474296062
1474295495	1474295495	1474296173
1474295537	1474295537	1474296085
1474295574	1474295574	1474295834
1474295617	1474295617	1474296025
1474295640	1474295640	1474296238
1474295801	1474295801	1474296189
1474296041	1474296041	1474296823
1474296044	1474296044	1474296742
1474296049	1474296049	1474297075
1474296193	1474296193	1474296884
1474296201	1474296201	1474296764
1474296234	1474296234	1474296677
1474296254	1474296254	1474297373
1474296322	1474296322	1474297115
1474296436	1474296436	1474296672
1474296488	1474296488	1474297111
1474296603	1474296603	1474296733
1474296624	1474296624	1474297053
1474296642	1474296642	1474297343
1474296695	1474296695	1474297033
1474296771	1474296771	1474297671
1474296851	1474296851	1474297407
1474296898	1474296898	1474297308
1474296904	1474296904	1474297470
1474297058	1474297058	1474297837
1474297140	1474297140	1474297761
1474297294	1474297294	1474297751
1474297395	1474297395	1474297967
1474297477	1474297477	1474298530
1474297521	1474297521	1474297875
1474297565	1474297565	1474298024
1474297572	1474297572	1474298319
1474297692	1474297692	1474298573
1474297770	1474297770	1474298215
1474297825	1474297825	1474298353
1474297827	1474297827	1474298414
1474297840	1474297840	1474298446
1474297880	1474297880	1474298759
1474297999	1474297999	1474298483
1474298048	1474298048	1474298561
1474298145	1474298145	1474298708
1474298198	1474298198	1474298907
1474298227	1474298227	1474298851
1474298248	1474298248	1474298672
1474298289	1474298319	1474298600
1474298370	1474298370	1474298840
1474298373	1474298414	1474298848
1474298443	1474298446	1474299035
1474298535	1474298535	1474299754
1474298539	1474298539	1474299037
1474298644	1474298644	1474299099
1474298649	1474298649	1474299406
1474298776	1474298776	1474299724
1474298964	1474298964	1474299325
1474299024	1474299024	1474299751
1474299045	1474299045	1474299534
1474299064	1474299064	1474299718
1474299071	1474299071	1474299532
1474299088	1474299088	1474299309
1474299123	1474299123	1474299600
1474299170	1474299170	1474300204
1474299190	1474299190	1474299573
1474299210	1474299210	1474300101
1474299391	1474299391	1474300488
1474299430	1474299430	1474300039
1474299438	1474299438	1474299738
1474299464	1474299532	1474299791
1474299478	1474299534	1474300359
1474299479	1474299573	1474299943
1474299627	1474299627	1474300305
1474299632	1474299718	1474300150
1474299690	1474299724	1474300181
1474299719	1474299738	1474300197
1474299765	1474299765	1474300040
1474299829	1474299829	1474300263
1474299844	1474299844	1474300221
1474299888	1474299943	1474300359
1474299893	1474300039	1474300408
1474299988	1474300040	1474300428
1474299990	1474300101	1474300471
1474300014	1474300150	1474300433
1474300076	1474300181	1474300993
1474300279	1474300279	1474300818
1474300280	1474300280	1474300686
1474300297	1474300297	1474300757
1474300314	1474300314	1474300668
1474300375	1474300375	1474300974
1474300399	1474300399	1474300950
1474300420	1474300420	1474301035
1474300435	1474300435	1474300963
1474300540	1474300540	1474301076
1474300542	1474300542	1474301022
1474300586	1474300586	1474301092
1474300620	1474300620	1474301237
1474300671	1474300671	1474301805
1474300779	1474300779	1474301579
1474300786	1474300786	1474301623
1474300857	1474300857	1474301572
1474300924	1474300950	1474301699
1474301000	1474301000	1474301714
1474301078	1474301078	1474301495
1474301086	1474301086	1474301627
1474301158	1474301158	1474301800
1474301262	1474301262	1474301537
1474301288	1474301288	1474301658
1474301456	1474301456	1474302062
1474301501	1474301501	1474302342
1474301510	1474301510	1474302022
1474301516	1474301537	1474302238
1474301622	1474301622	1474302128
1474301744	1474301744	1474302598
1474301769	1474301769	1474302248
1474301904	1474301904	1474302467
1474301938	1474301938	1474302843
1474302041	1474302041	1474302591
1474302056	1474302056	1474302789
1474302076	1474302076	1474303552
1474302110	1474302110	1474302824
1474302124	1474302124	1474302725
1474302131	1474302131	1474302560
1474302153	1474302153	1474302390
1474302154	1474302238	1474302862
1474302292	1474302292	1474302985
1474302366	1474302366	1474302904
1474302408	1474302408	1474302796
1474302618	1474302618	1474302905
1474302640	1474302640	1474303334
1474302681	1474302681	1474303420
1474302710	1474302710	1474303131
1474302734	1474302734	1474303498
1474302786	1474302789	1474303148
1474302864	1474302864	1474303545
1474302885	1474302885	1474303590
1474302913	1474302913	1474303500
1474302959	1474302959	1474303681
1474303035	1474303035	1474303687
1474303041	1474303041	1474303677
1474303251	1474303251	1474303572
1474303495	1474303495	1474304066
1474303505	1474303505	1474304527
1474303532	1474303532	1474304344
1474303605	1474303605	1474304286
1474303699	1474303699	1474304347
1474303958	1474303958	1474304735
1474304030	1474304030	1474304564
1474304108	1474304108	1474304546
1474304110	1474304110	1474304574
1474304158	1474304158	1474304819
1474304212	1474304212	1474304667
1474304241	1474304241	1474305517
1474304254	1474304254	1474304951
1474304452	1474304452	1474305138
1474304512	1474304512	1474305630
1474304593	1474304593	1474305228
1474304621	1474304621	1474305357
1474304681	1474304681	1474305225
1474304757	1474304757	1474305581
1474304844	1474304844	1474305593
1474304975	1474304975	1474305521
1474305040	1474305040	1474305362
1474305120	1474305120	1474305947
1474305124	1474305124	1474306132
1474305173	1474305173	1474305902
1474305201	1474305201	1474306016
1474305237	1474305237	1474305994
1474305330	1474305330	1474305601
1474305498	1474305498	1474306139
1474305562	1474305562	1474306222
1474305676	1474305676	1474306105
1474305722	1474305722	1474306104
1474305897	1474305897	1474306379
1474305898	1474305898	1474306574
1474305919	1474305919	1474306652
1474305983	1474305983	1474306512
1474306002	1474306002	1474306383
1474306039	1474306039	1474306786
1474306170	1474306170	1474306537
1474306302	1474306302	1474306681
1474306333	1474306333	1474306970
1474306351	1474306351	1474306946
1474306394	1474306394	1474307010
1474306423	1474306423	1474307008
1474306427	1474306427	1474307077
1474306447	1474306447	1474307099
1474306479	1474306479	1474306877
1474306544	1474306544	1474307263
1474306596	1474306596	1474307197
1474306648	1474306648	1474307318
1474306662	1474306662	1474307253
1474306663	1474306681	1474307541
1474306941	1474306941	1474307270
1474306990	1474306990	1474307515
1474307029	1474307029	1474307256
1474307171	1474307171	1474307595
1474307221	1474307221	1474307987
1474307236	1474307236	1474307707
1474307361	1474307361	1474307956
1474307545	1474307545	1474308432
1474307554	1474307554	1474308277
1474307594	1474307594	1474308041
1474307631	1474307631	1474308303
1474307713	1474307713	1474308211
1474307729	1474307729	1474308627
1474307919	1474307919	1474308275
1474307923	1474307923	1474308359
1474307953	1474307953	1474308340
1474308000	1474308000	1474308345
1474308036	1474308036	1474308702
1474308066	1474308066	1474308770
1474308143	1474308143	1474308905
1474308247	1474308247	1474308608
1474308260	1474308260	1474308742
1474308383	1474308383	1474309074
1474308388	1474308388	1474308947
1474308441	1474308441	1474308901
1474308495	1474308495	1474308866
1474308614	1474308614	1474309891
1474308654	1474308654	1474309628
1474308714	1474308714	1474309010
1474308727	1474308727	1474309445
1474308755	1474308755	1474309098
1474308763	1474308763	1474309202
1474308797	1474308797	1474309118
1474308807	1474308807	1474309353
1474308870	1474308870	1474309171
1474308879	1474308901	1474309615
1474308883	1474308905	1474309821
1474308892	1474308947	1474309664
1474308920	1474309010	1474309443
1474308999	1474309074	1474309391
1474309018	1474309098	1474309900
1474309020	1474309118	1474309684
1474309044	1474309171	1474309734
1474309091	1474309202	1474309624
1474309092	1474309353	1474309649
1474309285	1474309391	1474310011
1474309403	1474309443	1474309863
1474309416	1474309445	1474310402
1474309421	1474309615	1474310005
1474309446	1474309624	1474310485
1474309650	1474309650	1474310168
1474309665	1474309665	1474310085
1474309670	1474309670	1474310757
1474309679	1474309684	1474310221
1474309766	1474309766	1474310840
1474309810	1474309821	1474310137
1474310030	1474310030	1474310806
1474310173	1474310173	1474310917
1474310234	1474310234	1474311316
1474310269	1474310269	1474310639
1474310281	1474310281	1474310982
1474310345	1474310345	1474310885
1474310419	1474310419	1474310882
1474310447	1474310447	1474310999
1474310488	1474310488	1474310993
1474310524	1474310524	1474311435
1474310627	1474310627	1474311105
1474310738	1474310738	1474310938
1474310795	1474310795	1474311288
1474310822	1474310822	1474311471
1474310881	1474310881	1474311356
1474311054	1474311054	1474311669
1474311065	1474311065	1474312011
1474311078	1474311078	1474311489
1474311216	1474311216	1474311975
1474311242	1474311242	1474312050
1474311331	1474311331	1474311975
1474311331	1474311331	1474312264
1474311359	1474311359	1474312212
1474311366	1474311366	1474312263
1474311545	1474311545	1474312316
1474311626	1474311626	1474312100
1474311730	1474311730	1474312259
1474311750	1474311750	1474312417
1474311834	1474311834	1474312790
1474311884	1474311884	1474312723
1474311985	1474311985	1474312947
1474312023	1474312023	1474313245
1474312077	1474312077	1474312894
1474312122	1474312122	1474312580
1474312138	1474312138	1474312491
1474312148	1474312212	1474312709
1474312413	1474312413	1474312847
1474312494	1474312494	1474312862
1474312553	1474312553	1474312869
1474312749	1474312749	1474313708
1474312761	1474312761	1474313322
1474312764	1474312764	1474313385
1474312827	1474312827	1474313336
1474312894	1474312894	1474313457
1474313011	1474313011	1474313633
1474313112	1474313112	1474313566
1474313124	1474313124	1474313674
1474313310	1474313310	1474314206
1474313341	1474313341	1474313769
1474313381	1474313381	1474313969
1474313508	1474313508	1474313808
1474313581	1474313581	1474314017
1474313617	1474313617	1474313983
1474313658	1474313658	1474314275
1474313687	1474313687	1474314119
1474313703	1474313703	1474314093
1474313760	1474313760	1474314474
1474313780	1474313780	1474314298
1474313838	1474313838	1474314682
1474313876	1474313876	1474314806
1474313883	1474313883	1474314734
1474313885	1474313885	1474314086
1474313926	1474313969	1474314562
1474313959	1474313983	1474314263
1474313968	1474314017	1474314962
1474314040	1474314086	1474315024
1474314055	1474314093	1474315031
1474314103	1474314119	1474314509
1474314199	1474314206	1474314726
1474314215	1474314263	1474315425
1474314221	1474314275	1474314770
1474314225	1474314298	1474314672
1474314386	1474314474	1474315187
1474314415	1474314509	1474314895
1474314507	1474314562	1474314767
1474314558	1474314672	1474315045
1474314574	1474314682	1474314984
1474314586	1474314726	1474315542
1474314594	1474314734	1474315408
1474314777	1474314777	1474315186
1474314802	1474314802	1474315225
1474314835	1474314835	1474315320
1474314848	1474314895	1474315419
1474314924	1474314962	1474315630
1474314925	1474314984	1474315419
1474315062	1474315062	1474315819
1474315083	1474315083	1474315681
1474315171	1474315171	1474315788
1474315219	1474315219	1474315747
1474315231	1474315231	1474315890
1474315259	1474315259	1474315649
1474315315	1474315320	1474315800
1474315328	1474315408	1474316185
1474315329	1474315419	1474315709
1474315355	1474315419	1474315953
1474315367	1474315425	1474315650
1474315383	1474315542	1474316091
1474315400	1474315630	1474316368
1474315419	1474315649	1474316338
1474315497	1474315650	1474317016
1474315584	1474315681	1474316287
1474315646	1474315709	1474316418
1474315770	1474315770	1474316441
1474315806	1474315806	1474316524
1474315850	1474315850	1474316315
1474315869	1474315869	1474316514
1474315879	1474315890	1474316345
1474315889	1474315953	1474316441
1474315902	1474316091	1474316614
1474315944	1474316185	1474316454
1474315971	1474316287	1474316775
1474315980	1474316315	1474316688
1474316016	1474316338	1474316752
1474316042	1474316345	1474316630
1474316079	1474316368	1474316993
1474316201	1474316418	1474316643
1474316263	1474316441	1474317056
1474316326	1474316441	1474316880
1474316359	1474316454	1474316955
1474316368	1474316514	1474316843
1474316377	1474316524	1474317237
1474316438	1474316614	1474317459
1474316504	1474316630	1474317328
1474316507	1474316643	1474317114
1474316532	1474316688	1474317145
1474316548	1474316752	1474317286
1474316648	1474316775	1474317245
1474316648	1474316843	1474317331
1474316780	1474316880	1474317167
1474316850	1474316955	1474317665
1474316866	1474316993	1474317738
1474316979	1474317016	1474317419
1474316994	1474317056	1474317500
1474317035	1474317114	1474317620
1474317054	1474317145	1474317716
1474317176	1474317176	1474317810
1474317221	1474317237	1474317937
1474317226	1474317245	1474317639
1474317395	1474317395	1474318272
1474317414	1474317414	1474317999
1474317466	1474317466	1474318155
1474317512	1474317512	1474318400
1474317514	1474317514	1474318122
1474317524	1474317524	1474318045
1474317588	1474317620	1474318295
1474317593	1474317639	1474317910
1474317633	1474317665	1474318088
1474317729	1474317729	1474318194
1474317797	1474317797	1474318126
1474317900	1474317900	1474318573
1474317909	1474317910	1474318581
1474317929	1474317937	1474318505
1474318022	1474318022	1474318464
1474318057	1474318057	1474318616
1474318090	1474318090	1474318721
1474318104	1474318122	1474318550
1474318243	1474318243	1474318713
1474318250	1474318250	1474318782
1474318344	1474318344	1474318972
1474318371	1474318371	1474319248
1474318379	1474318379	1474318831
1474318396	1474318400	1474318936
1474318469	1474318469	1474319154
1474318482	1474318505	1474319101
1474318552	1474318552	1474319289
1474318590	1474318590	1474319144
1474318623	1474318623	1474319267
1474318637	1474318637	1474319131
1474318733	1474318733	1474319376
