# number of operators: 7
arrival_times	start_service_time	end_service_time
1474275655	1474275655	1474276349
1474275679	1474275679	1474276330
1474275756	1474275756	1474276226
1474275798	1474275798	1474276663
1474275924	1474275924	1474276474
1474276149	1474276149	1474277216
1474276689	1474276689	1474277702
1474277262	1474277262	1474277970
1474277279	1474277279	1474277944
1474277325	1474277325	1474277764
1474277433	1474277433	1474277928
1474277481	1474277481	1474278006
1474277615	1474277615	1474278390
1474277622	1474277702	1474278314
1474277648	1474277764	1474278246
1474277669	1474277928	1474278662
1474277751	1474277944	1474279182
1474277793	1474277970	1474278863
1474277886	1474278006	1474278499
1474277967	1474278246	1474278613
1474278281	1474278314	1474278974
1474278286	1474278390	1474278888
1474278418	1474278499	1474278968
1474278560	1474278613	1474279172
1474278592	1474278662	1474279112
1474278685	1474278863	1474279271
1474278829	1474278888	1474279260
1474279030	1474279030	1474279861
1474279052	1474279052	1474279856
1474279131	1474279131	1474280045
1474279200	1474279200	1474280118
1474279420	1474279420	1474280393
1474279422	1474279422	1474280208
1474279600	1474279600	1474280528
1474279644	1474279856	1474280659
1474279761	1474279861	1474280345
1474279809	1474280045	1474280348
1474279864	1474280118	1474280742
1474280177	1474280208	1474280917
1474280228	1474280345	1474281138
1474280452	1474280452	1474280974
1474280499	1474280499	1474281469
1474280688	1474280688	1474281498
1474280748	1474280748	1474281132
1474280798	1474280798	1474281388
1474280805	1474280917	1474281576
1474280874	1474280974	1474281769
1474280970	1474281132	1474281747
1474281129	1474281138	1474281836
1474281166	1474281388	1474281867
1474281309	1474281469	1474281959
1474281422	1474281498	1474281994
1474281627	1474281627	1474282474
1474281660	1474281747	1474282390
1474281723	1474281769	1474282310
1474281978	1474281978	1474282224
1474282063	1474282063	1474282636
1474282132	1474282132	1474283183
1474282181	1474282181	1474282627
1474282415	1474282415	1474282971
1474282550	1474282550	1474283207
1474282706	1474282706	1474283217
1474282732	1474282732	1474283208
1474282801	1474282801	1474283493
1474282848	1474282848	1474283618
1474283127	1474283127	1474283509
1474283310	1474283310	1474283737
1474283508	1474283508	1474284012
1474283635	1474283635	1474284251
1474283872	1474283872	1474284507
1474283909	1474283909	1474284642
1474284193	1474284193	1474284777
1474284217	1474284217	1474284989
1474284290	1474284290	1474285059
1474284303	1474284303	1474284961
1474284327	1474284327	1474284916
1474284346	1474284507	1474285190
1474284441	1474284642	1474285068
1474284568	1474284777	1474285401
1474284607	1474284916	1474285760
1474284789	1474284961	1474285260
1474284812	1474284989	1474285456
1474285102	1474285102	1474285898
1474285526	1474285526	1474286036
1474285536	1474285536	1474286070
1474285638	1474285638	1474286222
1474285750	1474285750	1474286161
1474286100	1474286100	1474286727
1474286104	1474286104	1474286492
1474286113	1474286113	1474286990
1474286129	1474286129	1474286656
1474286155	1474286155	1474286636
1474286196	1474286196	1474287168
1474286282	1474286282	1474286954
1474286332	1474286492	1474287062
1474286445	1474286636	1474287542
1474286445	1474286656	1474287252
1474286559	1474286727	1474286952
1474286567	1474286952	1474287403
1474286813	1474286954	1474287377
1474287028	1474287028	1474287214
1474287146	1474287146	1474288175
1474287158	1474287168	1474287625
1474287158	1474287214	1474288062
1474287440	1474287440	1474288271
1474287739	1474287739	1474288094
1474287839	1474287839	1474288481
1474287863	1474287863	1474288452
1474287894	1474287894	1474288203
1474287897	1474288062	1474288792
1474288132	1474288132	1474288542
1474288204	1474288204	1474288772
1474288297	1474288297	1474288830
1474288365	1474288365	1474289397
1474288482	1474288482	1474289408
1474288518	1474288518	1474289056
1474288755	1474288755	1474289202
1474288834	1474288834	1474289304
1474288949	1474288949	1474289663
1474289023	1474289023	1474289698
1474289265	1474289265	1474290116
1474289298	1474289298	1474290026
1474289346	1474289346	1474289656
1474289411	1474289411	1474290062
1474289492	1474289492	1474290014
1474289599	1474289656	1474290006
1474289657	1474289663	1474290239
1474289688	1474289698	1474290099
1474289837	1474290006	1474290528
1474289873	1474290014	1474290416
1474289942	1474290026	1474290515
1474290061	1474290062	1474290575
1474290068	1474290099	1474290562
1474290245	1474290245	1474290678
1474290245	1474290245	1474290807
1474290270	1474290416	1474290917
1474290329	1474290515	1474290911
1474290573	1474290573	1474290949
1474290677	1474290677	1474291301
1474290684	1474290684	1474291881
1474290945	1474290945	1474291339
1474291081	1474291081	1474291992
1474291243	1474291243	1474291981
1474291399	1474291399	1474291783
1474291465	1474291465	1474292391
1474291577	1474291577	1474292191
1474291790	1474291790	1474292346
1474291861	1474291861	1474292104
1474291974	1474291974	1474292549
1474292235	1474292235	1474292762
1474292289	1474292289	1474292916
1474292367	1474292367	1474292727
1474292476	1474292476	1474293088
1474292477	1474292477	1474292883
1474292504	1474292504	1474292981
1474292577	1474292577	1474293312
1474292973	1474292973	1474293848
1474293031	1474293031	1474293703
1474293191	1474293191	1474293689
1474293201	1474293201	1474293924
1474293238	1474293238	1474293555
1474293248	1474293248	1474293897
1474293328	1474293328	1474293709
1474293437	1474293555	1474293918
1474293657	1474293689	1474294299
1474293741	1474293741	1474294310
1474293823	1474293823	1474294319
1474293877	1474293877	1474294479
1474294090	1474294090	1474294934
1474294143	1474294143	1474294501
1474294530	1474294530	1474295289
1474294605	1474294605	1474295150
1474294666	1474294666	1474295356
1474294684	1474294684	1474295395
1474295709	1474295709	1474296787
1474295951	1474295951	1474296912
1474296055	1474296055	1474296797
1474296105	1474296105	1474297028
1474296183	1474296183	1474296952
1474297277	1474297277	1474297849
1474297294	1474297294	1474297923
1474297776	1474297776	1474298241
1474297896	1474297896	1474298470
1474297986	1474297986	1474298666
1474298521	1474298521	1474299224
1474298683	1474298683	1474299588
1474299080	1474299080	1474299930
1474299090	1474299090	1474299497
1474299115	1474299115	1474299519
1474299121	1474299121	1474299746
1474299372	1474299372	1474300039
1474299400	1474299400	1474299877
1474299463	1474299497	1474300010
1474299464	1474299519	1474300433
1474299512	1474299588	1474300204
1474299595	1474299746	1474300270
1474299957	1474299957	1474300433
1474299981	1474299981	1474300474
1474299989	1474300010	1474300726
1474300081	1474300081	1474300505
1474300270	1474300270	1474300722
1474300335	1474300335	1474301211
1474300502	1474300502	1474300825
1474300509	1474300509	1474301173
1474300651	1474300651	1474301342
1474300752	1474300752	1474301195
1474300758	1474300758	1474301361
1474300809	1474300809	1474301634
1474300882	1474300882	1474301306
1474300890	1474301173	1474301615
1474300962	1474301195	1474301905
1474301115	1474301211	1474301870
1474302365	1474302365	1474302755
1474302611	1474302611	1474303137
1474302624	1474302624	1474303725
1474303031	1474303031	1474303857
1474303331	1474303331	1474304025
1474303339	1474303339	1474304064
1474303342	1474303342	1474303706
1474303661	1474303661	1474304590
1474303944	1474303944	1474304519
1474304017	1474304017	1474304450
1474304052	1474304052	1474305199
1474304135	1474304135	1474304489
1474304370	1474304370	1474305025
1474304452	1474304452	1474305143
1474304497	1474304497	1474305347
1474304640	1474304640	1474305127
1474304792	1474304792	1474305329
1474304831	1474304831	1474305450
1474305018	1474305025	1474305712
1474305428	1474305428	1474306250
1474305465	1474305465	1474306136
1474305663	1474305663	1474306215
1474305889	1474305889	1474306445
1474305965	1474305965	1474306763
1474306021	1474306021	1474306843
1474306116	1474306116	1474306629
1474306136	1474306136	1474306788
1474306413	1474306413	1474307046
1474306724	1474306724	1474307424
1474306797	1474306797	1474307135
1474306842	1474306842	1474307449
1474306858	1474306858	1474307384
1474306906	1474306906	1474307410
1474306927	1474306927	1474307536
1474306931	1474307046	1474307489
1474306955	1474307135	1474307817
1474306958	1474307384	1474307782
1474306965	1474307410	1474308101
1474307305	1474307424	1474308211
1474307431	1474307449	1474308228
1474307436	1474307489	1474308036
1474307579	1474307579	1474308119
1474307643	1474307782	1474308717
1474307671	1474307817	1474308304
1474307724	1474308036	1474308753
1474307801	1474308101	1474308769
1474307929	1474308119	1474308840
1474308111	1474308211	1474308615
1474308122	1474308228	1474308807
1474308269	1474308304	1474308859
1474308304	1474308615	1474309398
1474308339	1474308717	1474309054
1474308422	1474308753	1474309544
1474308468	1474308769	1474309124
1474308513	1474308807	1474309533
1474308570	1474308840	1474309525
1474308628	1474308859	1474309642
1474308923	1474309054	1474309364
1474309015	1474309124	1474309791
1474309149	1474309364	1474309903
1474309250	1474309398	1474309714
1474309260	1474309525	1474310460
1474309290	1474309533	1474309998
1474309612	1474309612	1474310302
1474309664	1474309664	1474310246
1474309944	1474309944	1474310226
1474309956	1474309956	1474310852
1474310271	1474310271	1474310666
1474310622	1474310622	1474311058
1474310671	1474310671	1474311039
1474310993	1474310993	1474311549
1474311290	1474311290	1474311810
1474311491	1474311491	1474312565
1474311555	1474311555	1474312206
1474311665	1474311665	1474312286
1474311667	1474311667	1474312165
1474312047	1474312047	1474312642
1474312124	1474312124	1474312683
1474312239	1474312239	1474312659
1474312433	1474312433	1474313146
1474312502	1474312502	1474313362
1474312504	1474312504	1474312948
1474312527	1474312565	1474313399
1474312664	1474312664	1474313451
1474312776	1474312776	1474313178
1474312820	1474312820	1474313328
1474312880	1474312948	1474313818
1474313005	1474313146	1474313545
1474313047	1474313178	1474313927
1474313312	1474313328	1474313888
1474313635	1474313635	1474314560
1474314385	1474314385	1474314617
1474314395	1474314395	1474315138
1474314474	1474314474	1474315104
1474314593	1474314593	1474315094
1474314814	1474314814	1474315891
1474314853	1474314853	1474315512
1474315268	1474315268	1474315786
1474315289	1474315289	1474316034
1474315321	1474315321	1474315673
1474315327	1474315327	1474316285
1474315331	1474315331	1474316170
1474315407	1474315512	1474316218
1474315418	1474315673	1474316476
1474315757	1474315786	1474316936
1474316116	1474316116	1474316603
1474316151	1474316151	1474316764
1474316158	1474316170	1474316798
1474316166	1474316218	1474316778
1474316185	1474316285	1474316965
1474316239	1474316476	1474317326
1474316376	1474316603	1474317085
1474316502	1474316764	1474317330
1474316535	1474316778	1474317520
1474316746	1474316798	1474317472
1474317045	1474317045	1474317629
1474317254	1474317254	1474317926
1474317300	1474317300	1474317903
1474317371	1474317371	1474318119
1474317390	1474317390	1474317735
1474317454	1474317472	1474318193
1474317555	1474317555	1474318210
1474317720	1474317720	1474318331
1474317733	1474317735	1474318523
1474317879	1474317903	1474318334
1474318063	1474318063	1474318374
1474318325	1474318325	1474319028
1474318500	1474318500	1474318821
1474318652	1474318652	1474319395
1474318738	1474318738	1474319394
