# number of operators: 12
arrival_times	start_service_time	end_service_time
1474275652	1474275652	1474276085
1474275653	1474275653	1474276568
1474275851	1474275851	1474276372
1474275866	1474275866	1474276499
1474276139	1474276139	1474277177
1474276317	1474276317	1474277334
1474276544	1474276544	1474277537
1474276597	1474276597	1474276977
1474276656	1474276656	1474277426
1474276751	1474276751	1474277174
1474276797	1474276797	1474277578
1474277042	1474277042	1474277452
1474277066	1474277066	1474277700
1474277110	1474277110	1474277518
1474277227	1474277227	1474277722
1474277241	1474277241	1474277695
1474277330	1474277330	1474278157
1474277419	1474277419	1474278038
1474277537	1474277537	1474278196
1474277575	1474277575	1474278365
1474277581	1474277581	1474278049
1474277598	1474277598	1474278093
1474277602	1474277602	1474278397
1474277663	1474277663	1474278349
1474277669	1474277669	1474278261
1474277672	1474277695	1474278092
1474277675	1474277700	1474278581
1474277960	1474277960	1474278811
1474277961	1474278038	1474278597
1474278087	1474278087	1474278866
1474278130	1474278130	1474278569
1474278211	1474278211	1474278902
1474278230	1474278230	1474278869
1474278258	1474278258	1474278824
1474278263	1474278263	1474278923
1474278403	1474278403	1474279020
1474278458	1474278458	1474278961
1474278619	1474278619	1474279327
1474279075	1474279075	1474280039
1474279318	1474279318	1474279925
1474279343	1474279343	1474280054
1474279347	1474279347	1474279757
1474279388	1474279388	1474279817
1474279404	1474279404	1474279875
1474279416	1474279416	1474280054
1474279429	1474279429	1474280052
1474279661	1474279661	1474280258
1474279719	1474279719	1474280468
1474279762	1474279762	1474280446
1474279818	1474279818	1474280175
1474279950	1474279950	1474280380
1474280092	1474280092	1474280638
1474280180	1474280180	1474280927
1474280323	1474280323	1474280590
1474280385	1474280385	1474281058
1474280461	1474280461	1474280879
1474280510	1474280510	1474280958
1474280561	1474280561	1474281021
1474280653	1474280653	1474281471
1474280705	1474280705	1474280955
1474280725	1474280725	1474281448
1474280779	1474280779	1474281294
1474280814	1474280814	1474281484
1474280849	1474280849	1474281203
1474280917	1474280917	1474281452
1474280981	1474280981	1474281327
1474281032	1474281032	1474281655
1474281131	1474281131	1474281817
1474281150	1474281150	1474282060
1474281209	1474281209	1474281611
1474281281	1474281281	1474282196
1474281312	1474281312	1474282096
1474281362	1474281362	1474282030
1474281363	1474281363	1474281925
1474281414	1474281448	1474281935
1474281556	1474281556	1474282135
1474281708	1474281708	1474282231
1474281788	1474281788	1474282163
1474281794	1474281794	1474282438
1474281827	1474281827	1474282472
1474281926	1474281926	1474282738
1474281948	1474281948	1474282585
1474282064	1474282064	1474282764
1474282253	1474282253	1474282811
1474282480	1474282480	1474282843
1474282510	1474282510	1474283058
1474282540	1474282540	1474283351
1474282554	1474282554	1474283162
1474282564	1474282564	1474283584
1474282597	1474282597	1474283478
1474282664	1474282664	1474283180
1474282674	1474282674	1474283323
1474282707	1474282707	1474283095
1474282790	1474282790	1474283206
1474282840	1474282840	1474283769
1474283090	1474283090	1474283753
1474283177	1474283177	1474283738
1474283224	1474283224	1474283959
1474283231	1474283231	1474284127
1474283326	1474283326	1474283854
1474283359	1474283359	1474283852
1474283393	1474283393	1474283841
1474283398	1474283398	1474283829
1474283440	1474283440	1474284134
1474283461	1474283478	1474284037
1474283472	1474283584	1474284572
1474283588	1474283738	1474284102
1474283905	1474283905	1474284489
1474284021	1474284021	1474284609
1474284054	1474284054	1474284459
1474284350	1474284350	1474285183
1474284370	1474284370	1474284889
1474284612	1474284612	1474284836
1474284624	1474284624	1474285086
1474284638	1474284638	1474285372
1474284658	1474284658	1474285023
1474284958	1474284958	1474285479
1474285399	1474285399	1474286281
1474285445	1474285445	1474285852
1474285508	1474285508	1474285968
1474285555	1474285555	1474286244
1474285573	1474285573	1474285929
1474285650	1474285650	1474286552
1474285670	1474285670	1474285997
1474285670	1474285670	1474286014
1474285709	1474285709	1474286446
1474285970	1474285970	1474286271
1474285993	1474285993	1474286434
1474286010	1474286010	1474286638
1474286058	1474286058	1474286984
1474286113	1474286113	1474287078
1474286284	1474286284	1474287075
1474286285	1474286285	1474286742
1474286353	1474286353	1474286996
1474286366	1474286366	1474286834
1474286375	1474286375	1474286885
1474286555	1474286555	1474287402
1474286592	1474286592	1474286895
1474286729	1474286729	1474287545
1474286756	1474286756	1474287558
1474286810	1474286810	1474287653
1474286904	1474286904	1474287352
1474286951	1474286951	1474287622
1474286989	1474286989	1474287477
1474287121	1474287121	1474287787
1474287236	1474287236	1474287958
1474287345	1474287345	1474287738
1474287373	1474287373	1474287746
1474287451	1474287451	1474288015
1474287680	1474287680	1474288328
1474287684	1474287684	1474288183
1474287719	1474287719	1474287964
1474287986	1474287986	1474288378
1474287987	1474287987	1474288345
1474288057	1474288057	1474289123
1474288110	1474288110	1474288693
1474288237	1474288237	1474288693
1474288314	1474288314	1474288862
1474288507	1474288507	1474289426
1474288568	1474288568	1474288773
1474288580	1474288580	1474289307
1474288718	1474288718	1474289082
1474288876	1474288876	1474289576
1474288877	1474288877	1474289546
1474288900	1474288900	1474289458
1474288940	1474288940	1474289638
1474289005	1474289005	1474289637
1474289140	1474289140	1474289751
1474289272	1474289272	1474290078
1474289274	1474289274	1474289703
1474289277	1474289277	1474289631
1474289410	1474289410	1474290164
1474289473	1474289473	1474290147
1474289503	1474289503	1474289866
1474289588	1474289588	1474290111
1474289675	1474289675	1474290206
1474289852	1474289852	1474290596
1474289884	1474289884	1474290202
1474289931	1474289931	1474290545
1474289968	1474289968	1474290546
1474290027	1474290027	1474290984
1474290060	1474290060	1474290594
1474290092	1474290092	1474290639
1474290124	1474290124	1474290570
1474290180	1474290180	1474290630
1474290304	1474290304	1474291161
1474290371	1474290371	1474290941
1474290467	1474290467	1474291303
1474290500	1474290500	1474291365
1474290573	1474290573	1474291477
1474290627	1474290627	1474290888
1474290640	1474290640	1474290969
1474290665	1474290665	1474291237
1474290733	1474290733	1474291245
1474290778	1474290778	1474291296
1474290778	1474290778	1474291142
1474290817	1474290888	1474291371
1474290865	1474290941	1474291504
1474290918	1474290969	1474291636
1474290936	1474290984	1474291784
1474290945	1474291142	1474291814
1474290949	1474291161	1474291882
1474290998	1474291237	1474291712
1474291041	1474291245	1474291675
1474291281	1474291296	1474292073
1474291322	1474291322	1474292081
1474291397	1474291397	1474291765
1474291473	1474291473	1474292147
1474291587	1474291587	1474292376
1474291614	1474291614	1474291920
1474291739	1474291739	1474292582
1474291841	1474291841	1474292431
1474291871	1474291871	1474292473
1474291939	1474291939	1474292580
1474291993	1474291993	1474292530
1474292091	1474292091	1474292598
1474292210	1474292210	1474292652
1474292226	1474292226	1474292918
1474292291	1474292291	1474292711
1474292470	1474292470	1474293129
1474292570	1474292570	1474293186
1474292599	1474292599	1474293382
1474292601	1474292601	1474293206
1474292698	1474292698	1474293273
1474292749	1474292749	1474293013
1474292805	1474292805	1474293485
1474292821	1474292821	1474293268
1474292824	1474292824	1474293158
1474292827	1474292827	1474293874
1474292837	1474292837	1474293216
1474292881	1474292918	1474293662
1474292992	1474293013	1474293549
1474293027	1474293129	1474293962
1474293188	1474293188	1474294042
1474293248	1474293248	1474293694
1474293324	1474293324	1474293738
1474293414	1474293414	1474294248
1474293447	1474293447	1474293754
1474293618	1474293618	1474294104
1474293656	1474293656	1474294129
1474293697	1474293697	1474294030
1474293701	1474293701	1474294361
1474293723	1474293723	1474294305
1474293754	1474293754	1474294416
1474293899	1474293899	1474294308
1474293901	1474293901	1474295004
1474293913	1474293913	1474294627
1474293921	1474293962	1474294651
1474294042	1474294042	1474294707
1474294062	1474294062	1474294657
1474294185	1474294185	1474294627
1474294294	1474294294	1474294595
1474294383	1474294383	1474294879
1474294438	1474294438	1474295216
1474294447	1474294447	1474295029
1474294486	1474294486	1474295177
1474294579	1474294579	1474294997
1474294921	1474294921	1474295788
1474295090	1474295090	1474295730
1474295215	1474295215	1474296101
1474295354	1474295354	1474295970
1474295365	1474295365	1474296207
1474295883	1474295883	1474296503
1474295972	1474295972	1474296770
1474296050	1474296050	1474296701
1474296066	1474296066	1474296476
1474296102	1474296102	1474296446
1474296155	1474296155	1474296609
1474296350	1474296350	1474296764
1474296370	1474296370	1474296860
1474296413	1474296413	1474296888
1474296471	1474296471	1474297364
1474296668	1474296668	1474297346
1474296695	1474296695	1474297320
1474296735	1474296735	1474297079
1474296785	1474296785	1474297070
1474296894	1474296894	1474297317
1474296925	1474296925	1474297456
1474296990	1474296990	1474297763
1474297003	1474297003	1474297159
1474297139	1474297139	1474297753
1474297240	1474297240	1474297778
1474297297	1474297297	1474297922
1474297437	1474297437	1474298284
1474297464	1474297464	1474298073
1474297504	1474297504	1474298091
1474297559	1474297559	1474297899
1474297666	1474297666	1474298229
1474297711	1474297711	1474298283
1474297756	1474297756	1474298303
1474297756	1474297756	1474298295
1474297829	1474297829	1474298380
1474297865	1474297865	1474298403
1474298006	1474298006	1474298477
1474298050	1474298050	1474298955
1474298078	1474298078	1474298552
1474298217	1474298217	1474299027
1474298241	1474298241	1474298811
1474298244	1474298244	1474298737
1474298422	1474298422	1474298845
1474298428	1474298428	1474299188
1474298606	1474298606	1474299593
1474298631	1474298631	1474299029
1474298643	1474298643	1474299487
1474298649	1474298649	1474299135
1474298699	1474298699	1474299476
1474298754	1474298754	1474299469
1474298824	1474298824	1474299720
1474298941	1474298941	1474299581
1474299001	1474299001	1474299854
1474299271	1474299271	1474299925
1474299372	1474299372	1474299814
1474299436	1474299436	1474299972
1474299444	1474299444	1474300263
1474299474	1474299474	1474300131
1474299502	1474299502	1474299958
1474299655	1474299655	1474299934
1474299734	1474299734	1474300353
1474299777	1474299777	1474300402
1474299803	1474299803	1474300441
1474299902	1474299902	1474300322
1474300115	1474300115	1474300607
1474300357	1474300357	1474301639
1474300366	1474300366	1474301136
1474300396	1474300396	1474300854
1474300514	1474300514	1474301004
1474300609	1474300609	1474301187
1474300635	1474300635	1474301460
1474300673	1474300673	1474301443
1474300744	1474300744	1474301053
1474300791	1474300791	1474301798
1474300911	1474300911	1474301260
1474300923	1474300923	1474301309
1474301210	1474301210	1474301701
1474301238	1474301238	1474301585
1474301255	1474301255	1474301949
1474301286	1474301286	1474301698
1474301303	1474301303	1474302141
1474301505	1474301505	1474302410
1474301671	1474301671	1474301974
1474301693	1474301693	1474302550
1474301707	1474301707	1474302320
1474301710	1474301710	1474302330
1474301734	1474301734	1474302562
1474301821	1474301821	1474302431
1474302070	1474302070	1474302674
1474302077	1474302077	1474302380
1474302273	1474302273	1474302844
1474302279	1474302279	1474303254
1474302403	1474302403	1474303094
1474302454	1474302454	1474302746
1474302520	1474302520	1474302874
1474302540	1474302540	1474302752
1474302705	1474302705	1474303442
1474302770	1474302770	1474303738
1474302833	1474302833	1474303812
1474302845	1474302845	1474303302
1474302847	1474302847	1474303347
1474302879	1474302879	1474303171
1474302954	1474302954	1474303206
1474303001	1474303001	1474303787
1474303230	1474303230	1474303915
1474303347	1474303347	1474303984
1474303353	1474303353	1474303994
1474303378	1474303378	1474304216
1474303383	1474303383	1474303922
1474303433	1474303433	1474303831
1474303528	1474303528	1474304090
1474303751	1474303751	1474304390
1474303752	1474303752	1474304538
1474303761	1474303761	1474304123
1474303816	1474303816	1474304550
1474303818	1474303818	1474304589
1474303863	1474303863	1474304250
1474304036	1474304036	1474304653
1474304063	1474304063	1474305300
1474304120	1474304120	1474304568
1474304279	1474304279	1474305133
1474304322	1474304322	1474304998
1474304346	1474304346	1474304952
1474304408	1474304408	1474304619
1474304524	1474304524	1474305208
1474304534	1474304534	1474305485
1474304672	1474304672	1474305709
1474304681	1474304681	1474305040
1474304688	1474304688	1474305135
1474304727	1474304727	1474305342
1474304745	1474304745	1474305450
1474304797	1474304797	1474305337
1474304857	1474304952	1474305443
1474304909	1474304998	1474305550
1474304915	1474305040	1474305949
1474304932	1474305133	1474305736
1474305189	1474305189	1474305517
1474305232	1474305232	1474305926
1474305584	1474305584	1474306422
1474305625	1474305625	1474305836
1474305637	1474305637	1474306179
1474305670	1474305670	1474306166
1474305746	1474305746	1474306202
1474305781	1474305781	1474306152
1474305784	1474305784	1474306175
1474305804	1474305804	1474306305
1474305839	1474305839	1474306551
1474305853	1474305853	1474306890
1474305869	1474305869	1474306805
1474305879	1474305926	1474306655
1474305914	1474305949	1474306360
1474305919	1474306152	1474306749
1474305991	1474306166	1474306650
1474306134	1474306175	1474306708
1474306143	1474306179	1474306847
1474306173	1474306202	1474306689
1474306174	1474306305	1474306754
1474306310	1474306360	1474306777
1474306372	1474306422	1474307234
1474306418	1474306551	1474306877
1474306735	1474306735	1474307153
1474306770	1474306770	1474307502
1474306923	1474306923	1474307657
1474307012	1474307012	1474307695
1474307039	1474307039	1474307348
1474307236	1474307236	1474307714
1474307290	1474307290	1474307713
1474307340	1474307340	1474308085
1474307421	1474307421	1474307880
1474307502	1474307502	1474307882
1474307552	1474307552	1474307927
1474307671	1474307671	1474308369
1474307713	1474307713	1474308213
1474307737	1474307737	1474309019
1474307965	1474307965	1474308480
1474308012	1474308012	1474308879
1474308133	1474308133	1474309177
1474308149	1474308149	1474309184
1474308485	1474308485	1474308976
1474308527	1474308527	1474309979
1474308611	1474308611	1474308900
1474308678	1474308678	1474309034
1474308700	1474308700	1474309361
1474308846	1474308846	1474309323
1474308862	1474308862	1474309449
1474308939	1474308939	1474309945
1474308942	1474308942	1474309480
1474309084	1474309084	1474309618
1474309136	1474309136	1474309563
1474309212	1474309212	1474309661
1474309272	1474309272	1474309678
1474309319	1474309319	1474310159
1474309324	1474309324	1474309905
1474309392	1474309392	1474310066
1474309455	1474309455	1474310244
1474309461	1474309461	1474310830
1474309462	1474309480	1474310490
1474309465	1474309563	1474310309
1474309472	1474309618	1474310093
1474309478	1474309661	1474310272
1474309509	1474309678	1474310213
1474309555	1474309905	1474310399
1474309647	1474309945	1474310466
1474309651	1474309979	1474310619
1474309670	1474310066	1474310508
1474309672	1474310093	1474311010
1474309673	1474310159	1474310628
1474309687	1474310213	1474310616
1474309726	1474310244	1474310853
1474309745	1474310272	1474311046
1474310045	1474310309	1474310976
1474310068	1474310399	1474310973
1474310090	1474310466	1474310922
1474310139	1474310490	1474310997
1474310271	1474310508	1474311477
1474310416	1474310616	1474311058
1474310708	1474310708	1474311387
1474310816	1474310816	1474311387
1474310851	1474310851	1474311583
1474310863	1474310863	1474311471
1474310880	1474310922	1474311435
1474310949	1474310973	1474311312
1474310980	1474310980	1474311523
1474311034	1474311034	1474311627
1474311036	1474311036	1474311830
1474311071	1474311071	1474311567
1474311233	1474311233	1474311705
1474311482	1474311482	1474312062
1474311600	1474311600	1474311975
1474311604	1474311604	1474312081
1474311885	1474311885	1474312893
1474311948	1474311948	1474312404
1474311992	1474311992	1474312634
1474312108	1474312108	1474313213
1474312179	1474312179	1474312860
1474312236	1474312236	1474313066
1474312264	1474312264	1474312946
1474312289	1474312289	1474313125
1474312430	1474312430	1474313003
1474312448	1474312448	1474312957
1474312600	1474312600	1474313209
1474312637	1474312637	1474313699
1474312704	1474312704	1474313253
1474312707	1474312707	1474313061
1474312762	1474312860	1474313542
1474312808	1474312893	1474313263
1474313078	1474313078	1474313617
1474313264	1474313264	1474313871
1474313399	1474313399	1474313942
1474313451	1474313451	1474313857
1474313461	1474313461	1474314119
1474313533	1474313533	1474314031
1474313619	1474313619	1474313885
1474313744	1474313744	1474314357
1474313762	1474313762	1474314502
1474313803	1474313803	1474314356
1474313846	1474313846	1474314584
1474313951	1474313951	1474314447
1474314064	1474314064	1474314612
1474314083	1474314083	1474314973
1474314278	1474314278	1474314773
1474314303	1474314303	1474314872
1474314307	1474314307	1474314963
1474314342	1474314342	1474315365
1474314606	1474314606	1474315155
1474314708	1474314708	1474315244
1474314724	1474314724	1474315303
1474314739	1474314739	1474315196
1474314783	1474314783	1474315298
1474314808	1474314808	1474315481
1474314887	1474314887	1474315625
1474314890	1474314890	1474315512
1474315099	1474315099	1474315718
1474315184	1474315184	1474315748
1474315224	1474315224	1474315538
1474315496	1474315496	1474316120
1474315515	1474315515	1474316645
1474315547	1474315547	1474315825
1474315589	1474315589	1474316009
1474315627	1474315627	1474316250
1474315703	1474315703	1474316437
1474315847	1474315847	1474316714
1474315907	1474315907	1474316371
1474316108	1474316108	1474316791
1474316145	1474316145	1474316638
1474316193	1474316193	1474316523
1474316316	1474316316	1474316625
1474316383	1474316383	1474316960
1474316538	1474316538	1474317322
1474316779	1474316779	1474317240
1474316834	1474316834	1474317242
1474316918	1474316918	1474317563
1474316920	1474316920	1474317641
1474316938	1474316938	1474317286
1474317043	1474317043	1474318085
1474317055	1474317055	1474317462
1474317065	1474317065	1474317696
1474317224	1474317224	1474318162
1474317300	1474317300	1474317907
1474317338	1474317338	1474317754
1474317389	1474317389	1474317660
1474317405	1474317405	1474318478
1474317408	1474317408	1474317700
1474317442	1474317442	1474317906
1474317446	1474317462	1474318242
1474317533	1474317563	1474318196
1474317561	1474317641	1474318037
1474317670	1474317670	1474318342
1474317731	1474317731	1474318292
1474317736	1474317736	1474318039
1474317743	1474317754	1474318431
1474317792	1474317906	1474318410
1474317867	1474317907	1474318328
1474318057	1474318057	1474318574
1474318120	1474318120	1474318573
1474318347	1474318347	1474319216
1474318364	1474318364	1474319092
1474318496	1474318496	1474318845
1474318520	1474318520	1474319125
1474318575	1474318575	1474319343
1474318647	1474318647	1474319247
1474318663	1474318663	1474319363
1474318771	1474318771	1474319396
1474318796	1474318796	1474319611
