         1        -592.5819             +nan
         2        -551.3858         +41.1961
         3        -547.7858          +3.6000
         4        -545.6132          +2.1726
         5        -544.3028          +1.3105
         6        -543.5549          +0.7479
         7        -543.1242          +0.4306
         8        -542.8517          +0.2725
         9        -542.6516          +0.2001
        10        -542.4830          +0.1685
        11        -542.3283          +0.1547
        12        -542.1802          +0.1481
        13        -542.0364          +0.1438
        14        -541.8964          +0.1400
        15        -541.7604          +0.1359
        16        -541.6292          +0.1312
        17        -541.5034          +0.1258
        18        -541.3838          +0.1197
        19        -541.2709          +0.1129
        20        -541.1652          +0.1057
        21        -541.0671          +0.0981
        22        -540.9769          +0.0902
        23        -540.8945          +0.0824
        24        -540.8199          +0.0746
        25        -540.7529          +0.0670
        26        -540.6930          +0.0598
        27        -540.6400          +0.0530
        28        -540.5933          +0.0467
        29        -540.5524          +0.0409
        30        -540.5167          +0.0357
        31        -540.4857          +0.0310
        32        -540.4589          +0.0268
        33        -540.4359          +0.0231
        34        -540.4161          +0.0198
        35        -540.3991          +0.0170
        36        -540.3846          +0.0145
        37        -540.3723          +0.0124
        38        -540.3618          +0.0105
        39        -540.3528          +0.0089
