0.9977909
0.6387920
0.9720113
0.5227877
1.9665549
0.3483724
3.6267294
0.1376914
0.9884752
0.0650107
5.2297579
2.0289412
1.7584399
1.0734265
0.4854656
0.7369384
0.6640464
0.2164738
2.3720991
0.2086412
1.7720017
2.1915169
0.4726193
1.8528338
0.3954652
0.9705312
0.1096757
3.1551987
1.0774179
2.4543621
0.5555634
0.2201654
1.5963039
1.2847827
0.0338079
0.1745326
0.2285108
1.2854883
0.3767404
4.7611885
1.3807662
4.9961112
0.7504592
3.7125634
4.5509490
0.2116487
1.1762242
0.3503968
3.2484391
4.1047064
1.4184436
2.6381235
0.1744977
1.2592815
3.6986080
1.6096182
5.0799054
0.3542319
1.2159962
3.6231050
2.2123847
0.0023212
0.2640476
0.0412868
0.2981079
2.5600494
0.1344792
3.8757203
0.2265796
0.9371747
1.5608827
1.0498454
1.5928384
1.7253231
1.6273824
0.6673412
6.3885992
0.7114639
1.2005489
0.5327657
0.5946381
3.2250777
0.3099247
1.5281463
1.3059617
0.6466613
1.8001700
2.4643379
0.3958205
0.0768762
4.2805761
1.4416405
0.6312418
1.0831400
1.7870659
2.3474825
0.2692388
0.3513682
0.6173067
4.4829191
0.0329632
1.3542879
1.0133103
0.2908788
2.8089793
0.0572045
0.2470898
0.2979645
2.0697434
0.1149540
0.5270096
1.0522190
1.8328216
1.8224480
3.1167893
0.3888756
0.8732829
0.2100245
0.1267465
0.2506704
0.5694631
0.0383953
1.1595966
4.0335179
0.6790501
1.7323101
0.4658327
7.8640009
1.9503542
0.4653454
0.5956171
0.6155575
1.8896091
2.9750486
0.7905403
1.0913091
1.9243497
0.8668663
0.6387045
0.3252377
0.3031321
0.6401991
3.5016164
0.4266252
0.9896195
0.8915581
1.0468691
3.6946250
0.3028817
0.1383083
0.7189558
1.6886525
1.6017083
2.8246678
0.4642870
3.9130345
2.1097228
0.6402183
2.5268240
0.0164552
0.1505325
0.7497546
0.6664488
0.5641327
0.2484468
2.7365509
1.7392057
0.1859642
0.0028976
0.3115439
2.5215144
0.5335982
2.0946905
0.2512631
0.1575038
1.0825717
0.0445352
0.1007864
1.6482283
1.6015200
0.5207203
1.5514743
0.2790494
0.0142304
0.5804659
4.3711105
0.0843416
1.3166958
2.1460497
0.0011010
0.2949896
0.7153066
0.6888927
3.1362372
2.6742622
2.0417907
9.0012304
1.1395958
0.3352674
0.1199525
