1.6813456
1.6320673
1.2944474
0.5917883
0.7013151
0.0167995
0.3602853
6.3699036
3.0020848
0.9568303
1.3358731
0.0694362
0.9502608
1.4543976
0.0063400
0.0036479
1.2118539
0.4009526
1.2055830
1.9872955
0.2845524
2.1247141
0.1888596
2.1760019
2.4683590
0.5548779
1.1171278
0.0826218
2.0888378
3.3546754
1.0314999
0.1271748
2.5027048
1.3158804
1.7199989
0.1476295
1.7354216
2.8960226
1.9589928
6.1042567
0.7888664
1.0057019
3.6903033
1.2455170
1.0328601
6.0237367
1.5155183
0.7288141
0.3856767
1.3477629
1.1717823
0.0571804
0.9378012
5.4501405
0.8153641
1.6306917
2.0705230
0.3978064
1.7638638
1.5481546
0.9057192
0.8616684
1.6707078
0.0915188
0.0010999
0.1945511
1.2674086
0.3236906
0.3785226
0.4772060
0.3632177
0.4496356
0.1595693
1.0260254
0.7767876
3.0086727
0.5935229
5.9196513
2.6092505
0.6039585
4.2473040
2.0113113
1.0036693
0.2473428
0.5122968
0.7513139
1.2489850
0.5989373
0.7463764
0.3145957
0.1471617
0.5649673
0.4263659
1.3118693
2.7188460
0.1887890
1.8419579
0.1656850
0.7948863
3.2340834
1.6028054
2.8456618
1.1581149
2.0898206
2.4370661
1.4848753
0.6283947
1.8429204
2.8344385
0.9810828
3.1721400
1.3693240
1.6492970
0.8502133
1.4454335
2.6222194
0.6278198
0.3809579
0.1434347
0.1767746
0.4007580
0.3426957
0.2375991
0.0527485
6.4815532
3.0534496
2.3522116
3.9499728
1.0986867
1.5948593
0.3890931
2.8536715
2.7050151
0.1851792
0.5423259
0.6509607
4.5522341
0.0637248
0.0144540
5.0483588
0.5772056
5.0437579
0.1519680
0.2660788
0.1275870
0.4362946
1.0831976
1.6548551
0.4154000
1.9269940
4.4900381
1.9264530
9.8343317
1.4202052
1.5789563
0.5847990
1.0286431
0.4361452
1.2542838
0.9768356
4.4725234
6.6697845
0.9976266
0.2495273
1.1919072
1.4520560
5.5557577
2.6208803
0.1029064
0.5923403
0.8309667
0.1829369
0.1014009
1.0934907
0.1698349
1.0832542
0.9205228
0.5947989
1.4479549
0.4174521
0.0237576
0.0628651
0.7746353
1.0897766
1.0698679
0.0291177
1.4878110
0.0023397
0.1036739
1.1206225
0.3851204
2.0133264
0.7579950
0.3634124
0.4764753
0.4190412
1.9072712
4.7634463
2.3063548
0.6507420
