0.6125094
0.9136502
5.5934868
1.2381273
1.6512103
0.9445268
1.1144974
0.7531052
4.7248960
1.3672469
0.6263723
1.0380299
1.4280065
0.6902024
8.9078699
1.2513554
0.2562923
4.6295541
2.9848123
6.9429403
0.2699322
5.7293586
0.1802027
1.0222056
3.9794747
6.1484702
2.0810459
0.0324309
1.1948833
1.7181760
0.9136382
0.6640573
5.1363257
2.0170074
0.1046714
1.2665881
0.5440683
0.3276936
0.0950496
2.2185237
3.2109114
2.4018849
0.5158931
2.2255755
2.6883727
4.9240315
0.5900187
1.2431574
0.4837351
2.5844529
0.4342658
0.5715744
1.2515872
1.3239994
2.2343834
0.4582002
2.6005847
1.7458548
0.0413640
2.0274525
1.0040051
0.6834753
0.6294277
2.1979849
1.5599544
0.0722775
1.6531381
1.1756506
1.9664363
0.4598991
0.0717338
2.6988010
4.8109117
0.7725439
0.3900093
6.0717188
1.4128298
3.5289884
1.9733727
6.6923051
2.9694372
1.7430357
0.7947547
2.1367562
0.6159761
0.1969299
0.2164687
1.3328100
1.4415463
1.0921508
0.1358416
0.7284996
1.1554835
0.2648347
1.0435852
2.4951225
0.6927444
6.2486129
0.0722714
0.2108133
0.9725298
2.6045050
1.3620106
2.8976625
1.4255273
0.0289327
4.7859601
3.1423815
0.4647753
1.5888900
5.2474270
0.3524213
0.3529130
4.1734245
1.5243778
3.0161983
1.4170231
3.0194479
0.6783625
2.6304693
2.7964810
1.7777431
2.7611058
6.0023301
0.8214879
0.5329682
0.5224455
2.1680683
0.5743159
4.7486199
0.6990328
2.6722083
1.7189790
2.3441102
2.9555473
5.4476283
0.1094115
2.4586354
2.7379565
0.3375943
1.4542524
2.6222945
1.8165581
3.4464930
4.2673669
0.8990479
0.2043369
4.1177619
5.8845891
1.4338833
0.1978122
0.1949955
0.9122557
2.9195714
3.3876529
1.3556796
0.2378665
3.0064768
1.6248903
1.0515432
2.6155358
2.2585527
0.9391687
0.0270491
1.7259897
1.8777799
2.5690923
0.7902494
0.0023623
0.4198035
7.6537496
2.9492562
1.7320481
4.3787659
0.7510463
7.4947429
2.5174047
1.1969481
1.2172478
1.6778141
3.9196963
0.9985017
0.7238920
2.5622421
0.0464776
4.9468369
6.0560269
0.4121155
0.5712211
4.8733057
0.4433147
0.5968383
2.0398791
0.8888485
0.6165355
1.7834988
2.0359641
3.5119590
0.3544108
3.8567522
