1.2060556
1.5131495
2.3048308
0.0755287
0.5121195
2.6014900
0.2842778
3.2775309
2.9204747
0.6166249
0.6542102
1.3605375
1.0139466
1.2021531
1.2184344
4.5366899
1.4762100
6.1884467
0.6684582
2.2448578
1.0128134
3.4157854
0.5570410
0.7604815
3.4967191
1.4859711
2.3408276
3.3643012
1.3176610
2.9901776
1.1293648
0.4894775
3.7943932
0.7902700
0.4352694
1.3638298
2.6068889
0.6308643
3.0453672
0.5891881
0.0641348
4.5057521
0.5289108
3.1443593
0.4924220
0.1224164
2.1868933
0.0628012
2.0400379
3.2135137
0.6169291
2.7364921
1.2787473
1.5365606
6.5179538
1.5008493
0.5307853
2.6254246
0.8138734
1.6716079
1.9450055
0.8841256
3.8590904
4.2578837
13.1439486
1.7162463
0.7694261
0.9766562
2.7237923
1.8450751
1.5990838
2.8541368
2.9658318
0.0669330
0.1154530
3.2274393
0.4589181
1.2308908
0.0041523
3.5335953
0.6007063
1.2258674
0.6954798
1.3667845
0.0333534
6.9350182
0.0790078
2.4107929
4.4695573
6.1054717
0.8129937
1.5915684
4.4937736
2.7174580
0.7220285
6.2917888
0.1315196
0.4097189
3.5533600
2.6171805
1.9314322
0.7973151
0.0795805
1.3478566
0.2590204
2.5524710
3.4337846
3.6746821
8.2024256
0.6874098
2.2672164
4.0855423
0.5984631
2.4954294
3.1142903
0.5725658
0.5056153
0.1367916
4.3128852
0.8173525
3.7382191
0.0255344
0.8529553
1.7507358
0.6450097
1.8396838
0.3181800
0.5703119
1.2152611
1.4507887
0.9373653
0.3481757
10.4674614
0.0808527
0.1601682
0.7075280
2.2185739
0.0221506
3.3355151
1.3838001
1.9658158
1.0642200
4.2800717
1.2997073
7.6426288
1.6574320
0.9275058
1.1241201
0.1102707
1.4246388
0.8111841
0.0075518
0.6679916
0.0828256
0.4282059
0.2601674
1.8399577
1.8284844
0.2469276
0.0134647
0.0182899
0.1949410
0.1334964
0.0388054
1.9099338
1.5452851
0.5597435
0.8041277
0.2511377
0.4505322
0.4203217
4.4117313
1.5161403
0.1280755
2.9272665
1.6166172
1.3141073
1.8325160
0.0330167
1.5047438
0.2625517
0.8532728
3.8732063
2.3348134
0.0369971
3.1833688
0.8907302
0.6295981
1.1078752
1.7720070
1.1024809
1.4757795
2.7218405
0.6888414
0.2183231
0.6858266
1.5644903
0.0121616
3.0205982
3.2811672
