2.0336890
1.2874312
1.8644803
0.7162955
0.0182629
1.9687959
0.6450272
4.0226923
2.9531011
1.6843883
1.3489435
1.3981632
0.7302676
0.8458857
0.5396432
1.8359069
2.0643836
0.8206001
2.3786180
1.1353778
0.6400970
2.2459109
0.5720987
0.2589198
0.4055955
1.3936767
0.6747169
0.5970896
0.2568051
0.5414602
1.1434242
1.0203782
2.8761870
0.4718629
0.5464946
2.8410810
1.3446368
0.7984261
2.4604415
0.1679519
3.0406926
0.6225348
1.4972501
1.5674936
0.3781605
4.1719303
0.8456695
1.6805338
3.6147763
2.8690276
0.9308182
1.1050494
0.5130975
0.7405113
1.1786274
0.0309974
0.8928309
0.4104939
3.1046823
0.7169204
4.7321056
0.2586864
2.7056653
0.7024119
2.6117464
2.4719496
0.0142932
1.1264607
2.2312140
2.2240553
1.6472112
1.4534176
1.0356553
0.4788551
0.3706424
0.5597266
2.4765212
0.3925093
0.3690180
0.7501719
1.1093258
1.3102186
2.9915121
0.9320793
0.5896111
1.0301448
1.2779371
3.0444699
0.7763272
0.1294447
0.6119403
0.4985782
0.5056072
2.5085942
0.4325972
1.0173991
2.4469000
0.2773950
0.1483454
0.8748555
1.1663999
1.4944331
0.0110073
0.3368943
1.4659039
4.2200992
1.1860324
1.2617539
0.9638556
1.5407746
1.1310065
0.0861939
1.2044637
3.6721493
0.1573922
0.7845675
0.0651324
2.3675280
2.7668802
0.4659137
0.2125669
0.0772872
0.7881837
1.0365783
2.1103786
1.7024606
4.1752408
0.4497849
0.2079095
3.3912426
2.3617347
2.3294477
0.2182518
2.9847146
2.4438717
0.7767098
1.0043011
0.4468961
0.1337410
1.5271756
0.7096481
0.5291562
0.7672618
0.5766431
0.8207432
0.5034452
0.5213503
1.3892600
0.9596486
1.5775405
0.6872007
3.9578312
1.8813580
0.9473429
0.0772812
2.0815039
0.5466479
0.5023503
1.0124909
0.7227714
0.6507618
0.2544293
2.6398783
1.8951186
2.2403313
0.6427923
0.1029031
0.3298147
1.0479082
0.5974654
0.4911110
0.2853558
0.6357437
0.0906391
1.3821395
0.4693192
4.4319738
0.0741664
0.2890045
0.4169437
0.4240329
4.9211165
0.0103221
0.1955105
0.0254276
2.6117664
1.5221637
0.1803946
0.2343884
0.3339212
0.1380270
0.0128744
1.4690930
0.4258590
0.2435800
0.3889404
0.1236153
1.0462463
1.9940293
0.8847214
